4192
418
667
8323
2834
3331
3875
2706
4382
3744
8330
6901
8129
1245
2040
8658
9238
4787
5031
5389
5961
217
7727
1524
3858
366
8730
7878
7574
4593
9394
4465
8710
3954
5098
4636
4310
8069
6892
8205
7720
3739
2030
9264
6888
4938
4301
847
3324
4341
4865
2993
7407
5102
3752
2136
7352
7935
161
4705
4320
2202
6634
8690
9384
6031
3019
8468
7830
3148
5224
4943
4862
7697
3601
2102
1864
3123
4257
2381
9085
4959
504
1006
1512
9485
3498
2693
9074
6563
7238
6585
2694
2902
911
2531
9329
7453
8926
3759
1362
3514
3898
5083
9490
3424
9220
8589
7581
1459
9520
978
9315
938
7500
6749
6202
2514
2386
6602
9356
8866
7645
1041
135
1597
6128
5409
1051
2833
775
8297
4308
7938
8824
4109
4608
3131
69
497
1155
4012
7024
7027
4570
5453
3402
3617
5486
783
7583
4217
9511
5488
4053
9427
3005
5833
5554
3618
6955
3321
4003
737
377
1407
11
4566
8157
4773
1626
9523
710
1838
5158
2872
6141
6225
7169
7230
6439
7600
1983
5794
7522
8200
8672
1458
348
4359
2965
2012
8570
5512
3816
9230
6884
9271
7808
5054
7840
1265
3439
5007
5206
2849
2794
931
3409
2472
6212
1926
1446
2032
3151
9385
6852
526
8751
9129
2397
2600
8861
5208
6073
6477
4895
3485
3009
5029
2730
9036
6739
3908
6356
6062
2973
1166
6432
4748
2906
9013
6107
1565
7879
1959
2761
7172
1065
6799
703
2503
6358
6410
7138
2079
7259
1976
6185
7442
2837
1933
6295
1380
4697
9282
1068
9179
3243
8736
2469
3580
7152
4078
3056
777
5125
9005
7845
1269
2713
4302
1111
3136
4151
6713
173
2143
1839
1968
2681
6235
6121
8121
6788
4294
6206
5142
7849
6446
648
3596
585
3169
1818
2633
4942
5846
9430
6463
6103
7051
7979
2640
3784
8284
6685
4325
1930
8555
961
7803
1911
6213
6237
995
2770
133
4931
1925
5370
726
1471
9462
9504
7025
3309
3441
1949
2482
2417
2651
2548
5467
4274
7175
7409
1432
6335
3619
7999
4823
7625
3615
1636
3849
5852
7788
4854
719
4056
7248
809
4837
1784
9008
5834
7676
128
4074
6291
5493
9377
619
3750
3638
7911
6249
5721
2416
9181
5287
2045
9407
1334
4462
8381
7968
6189
1097
3950
559
5308
3262
7122
7078
224
9169
1603
1550
7576
7351
7789
2590
7736
3167
5341
7262
4915
2186
5407
101
7567
432
1271
1774
4962
9424
1667
921
3181
7048
4896
687
3093
7437
9048
4389
8626
536
8716
2620
5497
1112
4249
7766
1004
7494
9448
8928
923
2937
2258
2108
7088
5748
2327
8105
6986
7627
1008
2842
6536
3695
6322
6659
7341
9435
2686
3735
7775
3087
3692
2592
4887
5204
7327
6318
694
5153
6027
1960
7874
4251
3073
1433
3352
4825
5611
4981
2372
1903
7931
4167
7168
8477
1192
5778
400
318
4530
2985
7680
4125
3149
894
7652
5384
7294
1711
3893
1780
1419
4504
5582
8868
1134
384
381
4670
4612
5035
9285
2668
2934
8722
7631
852
9111
2125
2377
5703
8911
2812
3999
8241
2950
1303
2171
3604
8767
3961
7229
2148
4629
2435
9128
2457
6630
9532
4399
6242
8066
5357
8131
8699
3910
1058
8945
1805
7599
3748
8361
789
1951
3548
3878
3640
4758
5392
9433
3138
4189
2544
8758
7194
2332
454
616
3738
1617
1116
4202
6210
2782
2637
4147
2763
7243
6899
3786
2774
9562
3506
5665
8547
3448
833
4349
2209
2990
9144
8460
6974
8540
5057
6680
8464
8532
2318
2641
4148
8983
7952
4275
5651
989
6647
3656
3982
3755
683
917
3921
8892
1966
8194
7089
9501
6705
5586
5460
5840
9176
6750
3527
2308
1103
3410
4764
6434
2850
5542
2465
6025
902
2773
2054
2617
4872
6232
1418
788
1007
3315
7038
343
7076
1020
4848
1186
5764
3293
4647
6813
8810
476
7919
5546
7966
8826
3901
2401
9488
4159
1210
1888
7675
33
6068
7807
686
455
1119
4423
2631
3709
1194
66
3757
4958
8924
2784
550
8696
2557
300
8497
9263
587
2110
1196
6164
1691
4630
1428
3874
9249
6736
1698
1430
4807
6286
7895
8981
470
6238
4065
1397
4120
9530
721
2454
4353
116
6882
2515
7709
7417
2418
7086
8044
3542
1005
5103
5405
2702
6368
3380
42
8262
9140
7452
1520
9334
5220
3212
1849
7506
4620
903
3940
1086
3408
4626
3236
351
6832
3576
6698
3793
4141
2551
2777
7227
6927
9545
6695
9383
5114
8659
1440
8326
321
1726
568
8705
510
8328
807
7606
1126
9554
6581
7937
5614
3404
5305
4205
3425
9372
4491
6424
928
6991
7117
9227
9466
3065
8631
2889
6526
4923
9010
8762
3639
8578
6684
7889
7587
8939
4971
9566
8515
5105
7316
5358
2486
7267
3372
2630
5356
7785
4999
7667
566
3469
514
6132
7246
1252
2262
4856
1188
7552
5780
6953
5457
8421
665
920
2958
5763
9255
5540
3629
5219
4933
4623
2400
78
1361
1828
8986
8564
5855
5644
2684
4503
2954
4373
7528
7564
5178
1201
2388
4914
2618
7335
8551
6595
8064
7822
4976
3771
630
9445
3997
7333
9495
4034
4591
3280
4644
1898
4063
3036
5515
5336
6755
7342
4754
4199
4812
5109
6085
7237
406
9560
884
7963
7144
6285
1003
438
6331
1754
8660
5695
7934
5175
463
3126
5583
3654
8512
6623
2945
8265
2988
2073
4776
1521
840
6415
7896
3045
5616
6687
4803
8993
1761
962
676
1073
1295
4502
6419
5978
2248
2874
6846
1498
6523
8701
6561
1353
7483
1984
579
9147
7418
6737
9557
731
4250
8382
4891
2588
114
5522
3636
8060
651
7724
5568
5892
422
3505
4062
1375
5952
6326
7036
8946
2968
2811
1992
3503
3705
584
6414
6375
4440
2893
7940
3235
4261
2500
3274
7067
5800
2857
6539
5302
6726
3356
5850
3533
829
9093
48
7605
932
290
1791
5674
5950
9274
8543
794
8458
5428
984
3796
3532
9467
3832
3017
4667
5321
5355
5689
1327
1661
2671
5686
2737
4925
8772
6636
602
8953
9388
6297
3222
4278
5556
7992
4112
8803
3989
3953
922
1931
1374
1048
7638
7256
8092
5935
1266
533
3790
7636
8893
7257
9510
3040
985
5382
8292
9546
4413
560
2373
7451
4534
8171
9182
3778
6616
869
7370
1460
4580
2028
6945
6091
393
2475
3020
5500
6801
7429
3569
5946
59
6990
2855
4687
574
8106
3207
5056
6440
4586
3929
1851
1963
1604
7905
8074
3329
7557
5476
9055
1697
3482
2438
6605
7745
1173
5307
6186
1815
8146
6060
6849
3031
8124
2591
1519
7127
905
1315
7412
745
3406
5812
5108
5096
231
2329
2101
3285
7378
2916
8174
2799
9417
2756
606
2697
2629
8757
4536
6211
8526
2701
3645
1673
88
5927
8394
8548
6218
2187
9436
434
5628
1616
6360
6458
2639
6731
1797
2081
6093
8750
8168
9325
6204
1463
4554
1757
1857
1719
2230
61
2296
5987
4333
1417
5662
7021
1559
2907
772
952
9492
8223
2424
5451
8087
9333
7
3287
4160
1514
7711
5159
5782
8539
571
34
7596
26
8802
383
4713
3843
5719
3196
2283
8808
9321
7391
2298
9075
5604
6818
3675
6724
3798
980
5435
1825
5479
7114
4114
4529
2923
79
1151
8574
2752
3751
6772
8496
125
4682
8029
7323
604
4518
4390
7343
7521
2653
4994
2883
8518
6127
983
4484
5506
2390
6683
248
1133
1307
5365
9203
1152
6584
628
6839
6098
3231
3112
6071
2124
2042
267
2798
4458
1450
5508
2236
9472
5795
3037
8047
7271
822
2743
7784
2614
7654
9172
2160
5094
7028
8694
6382
4196
2890
746
4230
7812
8137
6444
8940
1435
6560
3600
2353
6151
428
3886
7283
8504
2242
1628
5853
1876
4002
2628
9390
4668
1122
6287
5282
3052
6914
3348
7052
1042
2880
3995
6916
8798
9234
7569
2166
474
166
3363
1689
5968
4543
9347
5907
376
4646
577
1741
4762
8218
2173
2949
6669
3551
7815
2427
2436
2801
6644
8352
7721
8134
2732
8847
3719
3693
4774
6979
253
1560
6294
6957
7266
8316
2537
2622
1602
5482
1301
4259
5934
2581
4355
1630
1249
5439
9067
5893
3334
1881
6599
7102
9242
2063
7339
32
718
4858
2358
2905
7072
6467
2948
6759
8028
6460
6880
4874
4492
2314
8267
5706
3029
8615
3741
5312
6648
4209
6824
4571
5322
2127
6381
6035
4919
6095
1660
5666
4751
3175
1766
848
1193
5694
2788
8754
8079
9469
6995
7960
360
8814
1730
9291
4708
3096
3460
3411
8281
1706
7989
7033
472
6283
245
7401
9470
1802
4558
7630
5565
4044
2411
3174
4315
6307
6497
440
9346
1167
2272
5464
1213
6954
2047
8162
5110
6614
4089
908
2029
6969
9446
2578
4746
1212
190
1581
5361
2347
7314
8389
3307
5115
7428
5404
1556
3337
3729
4601
7551
448
552
8270
2470
3214
4134
5202
9096
937
4576
414
5221
4194
7684
7131
1547
3860
9454
8984
5983
7959
3088
6758
4392
7990
7153
2370
258
2389
1878
5313
9317
7663
2363
3450
3053
4245
3472
7438
2449
5634
4380
3672
6208
3369
7571
7861
7844
1110
3821
8426
4852
4835
1244
2577
5018
8005
3116
874
7834
1594
6002
3512
4853
1658
7130
2695
5243
4913
5338
2888
9103
6355
398
3364
4393
117
9080
564
131
3775
9175
6156
277
1080
6478
5440
4985
3213
6582
3557
594
4088
3209
3637
2665
1899
659
2313
1187
3432
1013
527
7408
5186
2755
1639
6361
310
4731
4241
9275
1634
4742
749
6640
9555
6873
7436
8584
6011
6504
5245
1191
196
4539
1273
1922
6872
1906
9167
4888
3699
2069
3433
4813
7029
2129
423
1613
7953
8729
3958
1178
7584
257
4783
7222
188
2440
4662
4069
8370
3403
811
1057
2796
2879
7374
2858
2408
9402
2613
2760
9378
443
595
1508
1664
3562
8506
5249
4556
6629
5714
2940
656
3059
3590
8888
7591
5013
2095
8288
6977
4471
6172
7128
5739
4298
2229
7955
5194
7530
1940
4561
3761
270
2856
2198
7673
5908
1376
5573
5230
5552
3384
7616
7485
7527
2477
3476
2294
8038
7656
5099
3545
1542
4222
1642
4548
1093
1545
6676
9395
6021
9014
647
3397
8996
4664
3830
4953
1855
1046
8211
266
3003
4451
1339
336
5478
8362
5801
1447
330
7537
2145
9320
4946
6861
4648
7561
4538
1323
4206
3182
1182
8258
2489
3245
1678
4603
6059
2573
583
2500
6290
3479
5657
5724
6712
7070
7084
8901
1643
6860
1708
7729
3353
9434
1928
4678
9422
6652
7463
577
7057
8809
593
2474
6710
4699
7011
99
5397
5168
2584
5687
6425
4732
957
7393
1357
561
6719
7252
5835
511
5483
5774
3783
1843
8403
2946
1670
8429
955
804
8479
7866
8324
8449
588
4090
7726
7022
7575
9224
6341
8248
308
5469
6622
5804
6552
3161
591
6903
6359
7555
8145
6958
3121
3051
2672
3387
6138
8779
8341
1944
8202
3176
4897
2172
9410
8428
8898
436
8900
5223
8009
4966
2530
4081
6102
1469
3345
460
1901
4523
2037
4419
2066
6379
8848
4242
3477
8525
6893
2740
3010
543
9345
8143
4214
7488
1700
2862
4600
8322
2820
851
3341
5345
6507
1792
2191
8604
4100
3641
1946
6537
8255
3225
2149
4398
1372
4453
996
5211
1813
2497
4384
6830
2355
5353
4513
6819
6994
5776
4179
2984
6828
1083
8662
1497
9097
7236
8190
9363
5741
9029
1589
3015
8880
2723
143
7043
685
5444
8206
6551
2970
3554
9565
2845
8492
6493
1209
2766
7580
7426
1633
2751
1044
5133
935
2338
8976
1160
3869
2036
3390
2735
262
1340
3467
5455
6496
357
2483
5744
8257
8573
8396
6108
8305
1973
9212
214
3889
3378
43
9192
2213
3340
4238
362
7151
2017
5492
4244
7444
5280
389
2742
8384
7096
9496
688
964
6448
4919
7387
37
7643
1919
4016
7747
1018
4097
5847
7187
8443
5875
2648
5728
6116
3255
4211
4470
6549
2035
3776
1218
7120
4499
8683
2844
4043
7691
1513
8128
846
3520
9016
7135
2091
6512
1610
7644
2827
741
623
1355
8693
420
2805
408
3743
5137
1320
9184
6427
4767
5966
4961
4627
572
8144
3412
5989
5650
8895
4460
6367
5268
7338
9145
5037
8180
6706
8369
4099
2359
4450
4690
5909
660
4317
5507
6362
7534
2013
7842
3253
6612
4882
7928
7740
5630
6391
7562
2022
3486
3216
1523
3589
7524
4406
5068
9237
4422
7796
411
7764
4400
1392
7225
4651
149
2007
240
9100
1070
5213
7873
95
4252
7181
7671
5990
1631
4145
7054
5793
5425
1324
5395
3066
9420
3980
9289
8386
6516
3834
9217
4273
3941
5247
5704
6007
8063
6735
3666
6124
6136
3203
1437
7161
3030
7516
8938
748
6473
506
7098
1308
93
3407
283
1317
696
456
8405
3550
9513
7634
810
6528
7477
1027
8524
405
1195
3625
7394
9411
5447
9115
7208
3626
2049
5965
7157
3866
7689
3809
6665
4061
790
2251
4883
293
6879
23
3177
4021
1910
302
1902
1074
8249
2343
5284
6312
4844
1139
4
8656
3628
7399
5260
5716
4777
1343
3013
8837
3828
1345
2396
5826
7129
5872
323
5839
7431
601
9471
73
7542
8800
2441
8566
5937
3499
7693
1479
9308
9052
2720
9558
1240
4855
7372
7367
654
5420
3539
1334
3932
9024
1302
2963
7996
5696
2336
9302
1599
6013
97
9276
8
6383
653
6302
9477
1781
1549
2335
3650
1777
9476
4110
6205
9278
1456
5436
5162
668
7258
1224
2162
45
6282
3686
7079
2881
5845
782
7002
6436
218
1707
3722
2552
7167
2609
5901
7059
7827
808
2317
2288
2106
6829
4899
1867
1220
765
3949
8446
3484
8445
672
8663
2913
1607
5417
35
5450
1341
1646
7828
3671
4694
9143
2721
6909
1725
8287
4800
4786
3304
6934
9389
6087
1853
7653
3607
412
8335
2994
8781
390
5127
2068
4191
1808
7947
8321
7872
8360
2559
6930
137
2226
4344
9301
4975
6196
3993
1281
9219
1848
44
8571
2775
2605
8051
492
4342
2158
4407
3763
6703
1831
276
3430
3630
531
3593
86
7734
7299
7398
3251
3067
6028
3343
5951
4992
1596
444
3942
1796
677
7334
1955
9091
7717
6686
8529
6020
3659
338
1637
6677
1625
5072
1451
7748
6429
3168
3143
4894
2490
2488
5612
8467
2519
1721
6328
3578
7856
3587
8142
1889
5848
1060
1863
4831
2870
2429
4878
7909
5430
4421
1474
1877
3322
4680
4266
6671
5064
4385
8348
5065
1025
6289
7009
4425
1228
4117
5996
8863
319
4014
1098
545
4906
7987
7200
1014
9076
4805
3463
1729
5039
8408
9063
5809
895
3419
1114
8049
2768
8453
6405
4461
1528
8274
3134
7331
6655
3254
2184
841
7216
8727
4468
5235
2536
8943
4356
3624
6714
7913
8499
9391
972
7065
9229
9078
6256
5217
8193
8689
994
7290
9396
799
2823
1378
8107
8909
60
3543
8883
6498
643
6452
2986
8007
7859
1394
6131
1298
2864
8556
6252
7322
9277
6364
3885
4073
6881
9553
8621
720
200
6883
5154
7563
6057
5111
507
3502
8153
413
4689
2364
6380
5501
1905
2309
461
912
2666
6615
2234
8093
2455
3808
129
5088
1583
5729
7640
6088
6094
364
2219
309
7357
6426
2058
8191
5623
211
140
1671
3277
4977
6315
590
7023
3044
4974
4780
2075
2558
7887
5959
7707
2951
3730
8113
8667
6843
8590
2117
4412
9154
3841
2071
6176
6992
10
5229
8333
1733
3810
5517
1462
3190
401
6891
1827
6996
8958
9025
3515
8065
6866
5680
8650
4666
8110
6851
4719
49
1644
2564
5216
6084
2783
9292
223
7487
3855
5333
9004
7980
3180
3362
880
6118
3558
7614
6617
3007
2072
3089
5416
9216
5676
8601
7492
1987
3598
4035
6579
5036
6112
9087
4128
8025
7140
234
570
1531
2205
4843
1907
9126
5367
2904
1750
1470
3211
6918
3678
3900
863
1485
6014
450
8812
3107
8640
2238
605
4881
3188
2708
7846
657
4638
776
4599
7783
8138
3817
1136
6611
3022
1695
5735
7268
2664
9524
7100
7620
1461
4546
115
5699
3946
4909
6862
1019
2120
8488
4082
7061
9322
4618
7389
2348
6920
4526
1261
9257
9269
4314
9084
2983
7820
534
7722
261
3371
6592
8881
307
500
4970
589
5606
8887
7853
3361
494
8179
9102
8058
8470
5299
1551
3012
4736
158
87
4116
7512
6825
2967
5063
8425
3374
7776
2065
1161
8856
6004
4424
4809
9283
6443
5117
4904
7961
6321
8629
5131
21
1816
1916
6963
5976
661
4718
6317
4369
2237
6492
8070
5720
3764
5121
3915
484
3679
8605
4060
6583
8279
5156
2009
2480
4867
513
6320
5608
6076
5886
1101
6064
1081
6952
50
7541
3357
222
823
6214
2853
1321
1736
5607
1974
2726
9406
4799
5239
7220
4617
4158
5816
8216
4153
4364
2431
9512
2869
299
9033
7104
3734
1045
4150
7008
1400
2860
3427
2310
8378
6732
5462
9272
3984
7146
4832
2831
7768
3241
2816
4641
8744
5558
459
1824
5138
3584
2330
3779
3156
3712
4900
2565
1525
2734
4955
8081
7523
5192
4033
4029
1229
3125
8598
38
5730
2104
8731
4444
6184
1292
9133
1369
516
7781
3263
1421
6587
5423
4552
6044
4875
4956
8454
5640
279
2999
6831
2711
3525
1553
5250
5236
1909
5092
4102
203
4118
1962
8374
8278
9374
6667
9250
3916
6255
6672
150
9064
1368
4577
9468
9318
7279
2002
1367
4631
1270
8243
3632
2917
5591
4766
6145
7010
4207
6933
7817
316
6987
629
8622
374
2186
8353
486
437
3189
6109
5071
724
813
1936
2839
872
7482
4795
7607
5400
7308
6967
7450
1033
7831
5371
8561
1227
6606
4031
6876
1050
1947
6931
9515
9150
8199
5275
7211
798
7970
6301
7255
2413
213
7134
7800
5864
2135
904
6926
5499
4905
4990
5406
2546
415
6491
2712
3104
8918
5709
4027
5549
7548
9442
4051
7240
7710
6928
4632
1190
6150
6288
7598
6575
4391
4156
8150
5837
8610
485
2814
6878
7510
254
8554
1454
1971
9131
5023
3975
6144
548
7902
8463
8011
2635
6468
4734
6182
2646
4986
5559
8296
6120
669
4171
5590
6474
5954
7445
1672
1572
3238
1712
8037
8542
611
9330
9246
1957
8409
8344
9056
7176
1598
8052
2464
1557
6126
3160
2200
8299
8733
5452
8723
9205
1234
6423
8013
8509
4829
2809
6632
6447
4941
6080
5958
1069
8858
3561
1304
930
6858
7302
6707
5349
6865
2828
1701
8936
3492
5919
1453
7602
3931
1154
8465
3708
639
5244
6810
3952
2182
2982
2201
4175
3265
6149
4026
7597
5718
8766
3826
3939
1806
373
717
8482
6104
8001
5900
1728
4519
7870
7797
7224
8412
5240
546
4163
7495
5152
1763
7192
638
8229
5421
9498
7532
4653
1174
3871
208
8971
6747
1197
8675
8968
7272
2255
2754
1767
4287
1184
1751
4581
598
3375
6988
9314
4210
4040
7860
4784
1917
9164
3658
3318
1794
4779
529
361
8108
2021
1172
1297
491
7213
4268
7419
4279
3682
1862
2977
760
4239
4720
939
1387
6764
6041
8925
2707
272
3400
3847
7843
4672
7018
6972
1090
2137
4297
6766
4677
9137
3388
3313
2692
5051
8176
1941
9505
5002
5786
1972
5410
8894
9268
7829
8685
1657
5145
4791
3060
9160
3568
5124
609
5980
178
2518
1527
759
3145
5789
6346
7085
883
9000
658
2736
2240
7347
5431
1585
801
5085
6408
2824
7566
615
2473
3673
6844
7205
2595
5148
7124
2103
8034
8045
8707
9398
963
1814
6618
8890
2208
8135
8237
8006
1856
2738
207
2004
2085
2626
1677
7481
8456
9521
8564
1036
6466
2245
344
7454
4993
3493
3078
3642
3964
7792
3108
5543
5605
8792
2733
8195
6806
1790
5898
1679
8057
8505
1131
1015
6042
6527
4046
367
4857
781
9135
5188
8569
4660
1654
6
8642
8021
6231
771
3848
6464
519
3957
7358
5740
9225
8186
2323
4485
6395
6260
251
3934
4295
4691
2638
5790
8089
3868
6864
4741
705
8198
8592
2680
3575
2344
5621
6822
6558
4323
2311
2405
2301
4103
6942
9149
4376
3392
1285
2315
9017
3072
5618
2800
4706
5986
407
2594
1040
2278
8048
1675
4414
3276
8805
7055
7582
6442
8254
7943
3749
9142
5655
2767
1079
2961
449
862
5563
5265
2132
8023
6971
5529
6513
7918
5757
3621
5912
5195
6730
3820
6733
4580
5388
6642
2779
2111
5648
256
3897
742
1943
684
5984
1254
4408
8726
6842
1858
6236
2495
2349
8312
1034
7400
8807
2005
7732
7031
1586
7254
5567
8178
5276
6370
4276
723
9401
4377
2793
6657
2382
780
8606
1996
5705
2964
1099
7159
1503
3158
5600
1908
5509
5664
738
467
1496
6119
6353
5352
1127
4091
1465
3804
4512
5326
8042
236
9054
4200
9083
56
3142
5273
7700
58
5646
7713
6600
6373
391
945
5097
9478
9416
1441
5817
8820
397
1059
2529
5193
6905
8159
1887
5049
1844
9324
71
5494
3599
5226
9541
5461
5139
4439
2395
5042
1076
6902
8203
6702
8416
764
4079
1504
3829
7361
8708
7565
6603
9106
4614
462
865
365
2025
4701
870
3616
1775
1623
1411
8234
2566
6913
4387
6169
1682
4161
8393
5690
4397
6039
6598
8204
2974
2739
7972
3249
6578
1880
6187
6163
7632
9340
3747
3972
7053
1123
4757
489
2380
8276
4174
3200
6943
1746
3819
8358
8581
6019
305
8401
9297
9290
6334
8076
2493
8395
2222
3396
5654
6805
5939
227
4326
5884
3528
4979
9381
1077
1635
7178
6936
8351
8528
6486
5770
342
5233
9418
2521
5291
9369
8053
5791
7609
4447
1492
2922
260
210
1787
2714
8865
4121
3120
6855
1017
3414
67
5579
3907
1554
5199
4483
5599
4227
5022
9043
4113
2650
7936
2307
4508
5332
655
2875
130
3906
1980
8531
6089
53
7005
6701
9114
6193
5069
5537
3082
3706
2509
8914
7982
2024
8447
2286
5792
2452
1138
7405
8014
8164
825
6308
2925
394
6487
8127
251
3110
3655
2365
5981
9190
2159
8439
5545
6352
8560
735
4589
4819
4428
1396
7525
9300
3008
1543
2142
1141
1865
3614
843
7309
1313
9507
1066
1804
1442
2912
3155
8245
2602
4223
4198
4267
3426
6045
2280
8789
9559
2534
8062
5887
2556
8114
2204
2655
8635
7957
499
3339
6848
3446
4859
2157
3811
7318
6003
6660
6262
9561
8402
4372
4339
495
4032
6293
6664
2434
2516
5669
6689
3039
4634
7550
4370
6372
5106
8415
6038
7375
793
9202
4743
3728
3319
2121
6511
3723
9459
7863
1237
3611
8921
8431
7007
297
4996
4507
4511
3119
998
7515
6029
4232
2087
1163
3726
5564
9200
8711
7376
8208
5477
9174
4846
2068
3483
7967
29
6835
5463
8298
4619
7993
2300
1756
4980
5009
878
7882
4943
5248
5073
8059
2056
2346
3556
1702
7498
1335
2001
5030
5502
3417
7806
1293
4172
8607
2611
421
5859
3760
2579
9327
493
8337
4949
1179
8273
9057
6296
5932
4225
5209
4560
7226
9404
3803
4727
6562
1965
7533
5868
212
6643
8929
2394
4290
8799
7615
2128
1225
8484
477
1253
6787
6826
1586
1942
4611
1043
5715
5301
7679
9355
6049
7572
3395
6508
102
549
8411
8784
4901
6919
6330
5074
6734
1248
4169
1575
3842
1686
5160
3996
4769
7964
1510
7042
6567
569
169
7320
8704
7467
4978
1398
7662
1294
205
5471
7397
3918
8185
6613
2718
7384
7281
3602
7210
913
8854
8681
6840
4540
4351
2023
5588
9399
6243
4084
9240
4452
3240
2383
6348
4187
5021
3890
8913
8583
5745
626
8886
4157
7307
5935
5915
4280
1384
4574
2324
1415
7336
8931
354
758
4696
6016
7377
6306
8811
3247
7472
599
6180
8149
6437
5903
3856
868
7206
8392
4501
6982
352
7446
8954
3780
6224
7356
1289
3581
8398
2508
9332
2061
885
7903
926
4108
3183
2787
4366
8796
9475
2425
2167
3173
7264
1652
9458
3124
8318
1859
9567
6803
3800
631
614
9519
9042
4075
1809
8975
4928
8503
4866
8558
9526
8988
3896
1243
3689
7884
708
3289
918
8242
4055
2450
3664
5526
8225
6869
6981
5426
6800
7093
7927
1284
4998
3892
785
1399
1002
2445
9479
7585
2183
1215
3852
7712
1104
4849
4814
3518
2276
5944
879
9082
1939
8000
4176
8908
8717
5571
6785
192
2615
7390
8189
2972
6906
2797
3294
9295
1373
4633
3643
5538
7060
2195
8290
7154
3144
4282
5531
1153
1414
5629
3261
9061
9139
4595
7269
2836
941
6780
2026
8582
7019
8032
8272
6324
1216
7349
2539
4615
3465
3701
2647
7577
7974
4395
7069
645
4715
3157
3103
2031
1511
7761
960
5964
1600
8648
2762
8434
7956
535
9338
4535
5838
6658
7174
9231
1530
8876
2097
3267
2930
5707
7414
4363
5532
5851
1157
68
112
6272
9528
6746
4770
1998
7762
4445
4496
2076
3988
6646
4684
5916
5053
1129
3882
3279
5796
3583
2996
8136
426
9493
4234
5256
2216
7163
8130
5580
5298
7105
9023
1096
951
6727
5897
8647
6072
8806
6264
7579
3845
6976
3184
8680
7773
9482
2193
5052
1684
3978
8960
1385
3260
2619
7001
3336
8418
3727
7885
284
7954
800
1285
7091
1588
6509
9474
6541
6022
8339
4771
2645
1120
3865
6171
858
845
337
9159
9403
194
8020
5830
8375
740
2133
5869
2636
6451
481
8676
891
9022
4960
5535
2231
2461
5613
8624
1924
1538
773
108
1468
2374
4772
9187
3327
2785
5876
3853
2547
8533
2224
3814
2674
5713
7261
3227
96
4235
2572
388
842
7354
4127
5854
8448
8455
1789
6961
6949
7752
5802
5643
666
9366
5401
7113
5149
2549
5474
9440
854
5261
164
6620
6198
991
899
5292
9171
5511
2175
8226
2360
556
5484
7647
25
9538
7929
1539
7298
7519
2484
1290
5010
6018
6152
1484
3449
1688
63
5647
4469
5702
7891
8355
3300
7082
6117
7857
6192
5339
1566
98
3413
4059
2048
4555
5785
9173
515
1788
6195
9228
2274
7099
1423
5653
6816
6036
6700
1296
8158
1833
7291
524
9194
6576
4722
8563
4438
5862
9305
4884
8232
6065
7203
6234
5253
6177
4592
232
2462
6590
1860
1703
8978
3118
7703
3239
6808
4328
5376
8638
3926
4138
1558
9191
3919
138
4782
3061
8653
6796
877
2576
3069
5491
6155
6847
819
6153
4015
179
1409
1222
4080
2267
6133
9158
711
4860
9551
9124
3445
3930
9293
4111
6349
9208
475
3386
6494
7185
3179
1518
1529
9336
6540
5905
4180
2112
6550
9531
7672
1515
979
2511
9260
4575
2675
5843
4698
4527
7556
1717
7046
5278
156
7744
4790
5317
5164
5177
5335
8083
2287
3083
3365
2268
7141
3559
2077
2496
6261
6692
6904
4058
5551
6270
1429
9222
8877
1314
8372
3895
6738
451
9118
8148
5656
1326
7448
4122
873
6557
6610
6292
8085
1319
3146
3909
3308
2180
1431
7916
7814
974
5768
707
3633
5005
7204
2955
6546
2235
2771
6948
7170
4676
2070
7125
1203
1854
5485
512
2214
5032
1424
9309
5742
4863
4331
7549
6100
5374
3042
8342
949
5925
8982
8517
2011
2914
6529
7247
6586
5977
4833
4437
971
7668
2821
4327
9107
576
8839
5122
4920
6573
4448
2667
573
1067
9197
119
6404
9261
7434
943
1562
8165
5860
1999
503
5237
2055
7971
3302
4168
5300
2082
5684
8519
1595
1093
2998
6228
2093
9392
9409
7531
2535
5929
8905
2989
7795
6191
5038
8535
6387
744
1277
3663
1961
3210
2018
6412
4332
3854
4918
1150
6624
1938
1753
4104
5867
3966
1183
6438
4893
8487
4806
3588
7780
8285
6336
6148
5325
3338
6400
4839
750
3389
766
8999
4441
2321
7613
174
8172
8753
4798
5473
3367
324
4916
2409
9104
2683
4367
9073
9339
28
2606
7869
1970
948
2481
5516
827
3923
1352
6229
5671
3563
8082
5046
2447
2331
6024
1370
8990
3765
2676
5878
2585
3567
5015
7513
7699
6547
3762
2878
8912
1786
1619
482
4036
3881
1573
3475
1205
2661
3652
6917
7493
5528
5342
9426
2527
2034
6962
4768
3077
5183
3368
3359
8091
5530
3620
2715
2997
704
8437
4208
4910
8897
7415
9051
404
9540
379
3405
6226
2233
2433
3195
4579
6641
673
1488
2188
7603
4973
1653
7470
3001
8743
9120
4984
6083
6304
5679
8966
5992
7032
9375
75
1770
4057
8436
1354
3025
8891
9011
6154
9243
4228
5027
5120
1241
3220
7045
4714
4025
9312
5637
9152
9548
7635
465
7177
6056
3756
2430
4521
7730
6371
8787
2941
5059
4851
7212
649
6378
3248
8760
8442
6740
6421
701
2659
1692
331
7460
3899
5189
2696
5592
6470
7353
9379
2339
7518
4004
3258
3985
5281
6554
385
2256
5682
888
6431
2265
1537
2333
2478
5813
7340
752
5062
8520
5825
9112
755
7003
1089
4321
7295
5589
6449
193
7810
7944
239
4030
4692
198
4041
1872
2502
7136
9453
7778
6183
126
8388
4115
5933
2264
2176
3421
5895
5738
4001
8511
163
1640
5080
447
6043
6841
3962
177
13
3233
5
441
2542
8315
7430
237
2476
5304
6985
4224
2709
8942
370
9319
3000
3282
4173
7568
2859
9353
547
8593
2908
1522
3859
9286
4064
7017
4804
8668
1149
5222
1914
6280
4763
7798
4590
1668
2689
5126
6215
1693
7311
8587
1263
1830
5472
4972
9065
8649
4801
265
355
8706
8884
4386
250
1233
1115
5717
1291
8627
8785
9423
3101
3766
7517
7769
4950
6915
1010
7658
7950
1405
3815
6299
4564
1064
6001
1280
1075
8472
1207
1475
9298
7739
341
1055
2412
3218
6571
6040
6856
17
2624
2621
8220
5769
1517
5048
8985
4313
4654
7511
2899
8030
3781
9009
7685
2080
1024
6580
1567
3850
3270
3681
3440
9081
831
2598
7821
8365
3076
6050
4311
7503
7068
3312
5263
6501
5622
3951
2543
5584
2152
6046
3094
5271
2134
2744
8764
4765
4817
815
2506
8997
9535
8286
8849
520
5418
301
8698
2802
1351
51
871
3305
6682
2243
4673
5574
8438
4229
8657
8541
5601
5974
9405
8040
8756
4459
4436
3928
992
1759
501
1627
334
9549
7554
82
7994
9387
988
7403
6521
4675
1986
6741
1130
3166
3509
8715
2957
5359
1078
7826
4509
4264
6778
5140
3473
103
900
3106
7646
674
2156
4686
2169
6923
6910
5882
2161
8608
1841
2560
1145
2882
5970
6908
2099
5765
6542
5642
5446
8652
2780
1260
2460
1776
7659
4547
4494
976
4489
3546
382
1386
4183
3128
2810
7288
6524
8951
8994
5151
6925
4889
1915
4204
5055
329
6209
1238
2978
8236
8721
2722
4357
1175
6762
8742
5408
5731
1125
6723
2039
8024
8423
2747
6376
2625
6935
5387
2769
7317
8957
7217
8867
5006
8302
6146
1329
478
229
2016
1821
6975
2550
6199
6834
1333
9166
7852
4131
144
3129
3135
12
7893
1360
5799
295
3335
8768
5118
3494
521
3807
4850
3257
8765
4350
3991
1884
1927
2596
2981
7811
6912
7034
3680
7547
4568
617
4394
4934
5403
1056
3570
8775
2008
3646
5957
2909
4011
7871
4454
2885
165
4140
6662
9527
4490
644
7455
7464
2443
1117
1257
1937
7825
9209
7735
1699
3716
5270
1030
6433
7704
3278
8609
8371
8495
4434
5675
5348
6476
7660
1722
3114
7066
1820
8836
3418
2691
8444
2432
8485
9035
4226
9376
1997
6635
509
64
6244
3777
8790
2130
2887
7197
4166
8354
9266
5123
7611
106
6827
7799
8493
5163
1564
5190
6134
3979
6417
5685
6233
120
3592
9352
3466
76
199
2337
1958
2165
8385
1934
8161
3055
9393
1449
5366
1749
1923
5315
5269
4655
175
9050
273
3024
6347
3772
6553
6309
5016
8188
9180
6430
8859
8568
7914
8692
7388
1171
3560
3935
5289
286
9189
5641
4583
3647
1569
3117
47
3283
16
4778
4597
8419
1483
8167
4870
2428
9003
340
2582
7930
6207
681
3165
6964
8878
4911
7505
7716
5708
9132
6273
6693
1593
3943
1778
7922
2098
2911
6751
1063
5883
2084
4486
6651
2896
1769
3018
189
7622
7162
1663
4240
4607
9188
5314
2942
4083
5593
6649
3462
6594
7462
8239
5832
1467
1500
2841
4271
3839
8516
8080
8674
6807
5045
5334
6596
4216
7447
1870
6023
1366
1724
2299
1576
9071
186
5991
6258
2471
6654
4669
3330
1650
947
3670
5766
8989
7173
2599
1953
7855
5034
1389
9252
2840
5967
5295
9465
5081
8769
936
5752
5251
4042
5710
6877
2765
8451
4827
8970
6422
1495
1803
6897
7664
8356
4233
104
4352
5749
3256
3139
4220
5008
1501
3326
4709
3802
3667
4005
9343
4048
1874
479
4533
1311
7624
7119
5661
7619
8170
7912
1709
5692
1100
244
3205
8595
7337
4284
2290
3879
1177
6937
5143
5228
6980
9457
3927
4792
4039
9239
1464
220
5475
9162
57
3864
7892
4515
9060
5737
5994
4467
3986
74
4954
5274
2164
8661
7880
2467
4248
4365
1029
7836
8969
2239
7039
8073
4652
230
4318
6274
6140
3070
5427
3215
608
3508
4845
7754
4488
1182
5319
4417
4277
4008
6984
91
3769
8169
7865
2817
6137
2150
8850
7610
496
3084
690
678
4293
6604
4737
7155
4218
5982
3691
2273
3202
8759
2776
1846
8483
2170
3609
2568
8903
2575
761
9251
692
7901
287
3770
5936
410
5547
8864
3665
110
430
4793
8738
2391
5566
4013
5733
3358
2097
7755
2727
2027
3332
6699
5945
4785
4926
225
1597
2561
7618
1981
4991
1798
322
3442
1561
4613
4531
3635
2525
5659
9028
6456
3572
6194
4871
2426
5524
7282
1893
195
1283
2446
4346
2259
2932
6396
6771
4847
1861
4272
7782
4188
625
6779
2246
7637
5165
8010
1540
8600
956
8712
8373
6998
1137
1552
8067
201
2304
9365
2019
7948
940
5257
7945
3471
5043
5490
105
3668
8230
7427
372
1420
3837
3004
7570
9123
2491
8307
2962
107
9125
5787
127
3152
7491
6668
2153
7753
7189
8687
2507
85
6079
6369
5323
6167
7306
457
6032
8987
2815
3968
6097
3133
8870
146
8567
5481
2846
7416
8076
1622
8778
328
4721
4289
8466
9233
2685
5184
2528
5627
7833
278
5411
9484
5810
7991
8562
2562
5691
1873
9070
3006
9012
8240
3297
1413
8214
6770
139
1232
7041
5523
2241
3669
7540
5028
6092
2848
2538
1466
2991
1555
7026
7649
4584
2724
4908
8283
4190
8310
1242
8097
9262
5960
7544
5811
2100
867
8301
2524
8192
4505
4336
3377
2886
8748
1478
488
288
8071
2109
542
4752
1168
9514
2656
9163
1768
6455
2407
7897
3109
2189
7925
6812
2146
8917
8118
5610
4427
7249
8084
3468
2865
6139
7221
3272
1683
1039
8930
3992
8306
6034
4755
2253
5369
8774
2517
5751
7688
4247
6465
8471
8061
7933
5772
9443
1274
5379
2792
8319
160
7976
7851
7139
7545
5399
747
5360
7137
3519
981
439
898
5432
7750
7286
6008
3694
3295
3102
8545
9037
5821
6461
1486
6776
6200
4725
1546
2263
9026
5645
7242
3911
5803
2485
1890
3038
9362
2900
6389
6305
1023
8630
5831
3622
5259
792
4562
7233
2868
3457
1443
8280
1356
4139
3857
7779
6067
3884
3382
8832
5620
4890
6538
3333
2642
1204
4922
7628
7731
4671
6900
6114
7304
2698
2227
6240
427
6859
1318
4707
4659
8175
6053
7459
3122
5798
8036
3347
709
7385
6544
8026
1964
2494
4635
7962
2316
8734
9499
9136
5700
3676
2050
7791
8182
2593
8644
4416
7359
6601
2064
7504
7794
6319
8406
7345
8899
907
9373
523
2969
206
7142
3058
2207
4917
7111
6350
7900
3707
8432
7383
8212
8269
8815
1618
9007
3797
72
3153
6744
9059
2995
6052
30
6899
6820
3252
3444
5119
5116
7489
7365
5132
9110
40
3197
2293
5234
5956
7816
2479
8377
2832
8576
2492
4876
987
7350
8452
9543
5597
8259
2725
5896
6814
5973
2366
4017
5264
36
6005
6357
2114
8364
8860
8697
4144
1403
1344
3566
2700
2254
581
1601
8227
6314
2753
1705
2406
9563
4466
662
4861
7854
5252
5758
3496
4700
1978
8291
8817
4939
5372
3046
5135
886
5823
41
4094
9304
1107
839
4582
1211
5953
5979
1871
6130
4142
2901
1169
890
242
603
6679
7715
1028
6401
6377
2654
642
4334
7116
8882
4258
3186
4750
5762
7702
8603
4616
3497
327
7520
8183
1764
5975
2540
7949
834
7191
2894
1146
3370
4657
3977
7995
154
6012
2634
2927
3298
4640
1439
8980
1413
5575
9299
2898
5891
3086
2758
6924
54
916
4841
2933
3453
4375
5652
2658
3573
6311
4520
7303
5997
4738
2275
8613
1408
6871
1526
4374
4054
4588
3401
3555
6459
7958
970
8771
8816
6789
7733
3891
7346
3292
1737
7604
7253
6947
4155
8998
3459
6960
5067
4020
7838
6386
22
6115
3054
9113
528
3232
8513
2232
8686
9316
4528
6889
927
4347
7050
7380
3789
558
3936
2
6983
2302
6939
1206
6271
4487
5166
3068
5414
2211
1021
1785
7690
954
8855
9241
5874
5173
5004
5066
7035
7287
3876
1401
5569
812
968
2563
8974
7890
6868
5518
5185
4551
6397
349
7218
4688
3171
8825
1288
7184
6708
3480
4886
8546
3758
1091
8991
582
4411
6499
4650
3185
3924
6165
6457
2123
5824
5784
1231
1811
3447
6099
7293
4322
1337
6973
8843
3458
8536
9134
2768
5638
6627
1882
9452
298
2750
2345
5480
8294
1341
8575
2971
861
1379
4473
953
2673
3085
8819
3033
9273
8671
6675
7743
8920
6728
7559
471
3861
1568
4474
2741
1255
3507
4329
8585
2221
5972
736
8746
4340
6340
909
517
2271
122
1109
632
9473
1071
7997
7888
8794
6216
7837
5942
6323
8964
2574
7037
6110
6143
7092
732
5100
5398
1113
6794
8357
5734
4624
3683
3623
6515
7441
7669
9039
4319
2757
7106
6887
7410
6836
4095
7097
5598
4649
6944
3513
5913
3242
7942
1621
1147
1363
6082
269
5681
1108
5136
9099
915
5197
7198
1993
2270
3914
5520
4656
6608
753
1720
965
8222
52
6230
2616
2533
565
5743
8902
4126
762
6246
597
9072
6393
1535
4335
2083
7265
5129
5449
8293
8962
4594
1832
1348
6166
856
152
7277
8317
4952
4038
6481
6276
5889
621
1982
7160
4457
6445
2960
689
2795
4265
6688
4879
5144
6253
469
4733
8359
5722
8308
2356
2244
2678
2589
4018
2282
5998
1883
9279
2532
9210
4262
7474
1402
8639
8334
8678
7392
4877
6017
2252
1128
2094
1219
3787
8502
8088
2938
8101
9491
8963
7171
5328
1144
5541
8491
3028
7348
7480
1286
1299
2319
5285
1410
9177
8823
3599
2935
2340
1156
578
3801
7030
9254
835
1723
4152
3296
4726
8616
3685
7648
8441
8282
5914
612
3674
8618
8311
1614
435
942
1032
4749
2223
7110
5441
1312
663
8514
8651
8027
1807
6277
7103
5496
9455
2808
4381
1641
1687
5134
9213
3812
2277
1000
3902
445
8732
2212
6407
5191
3504
6965
5711
9481
8776
271
5454
5814
2404
6220
5340
6718
9040
2174
238
3521
3538
7360
7016
1012
2086
1977
2627
3969
5254
1246
4177
6743
4516
468
9450
567
9079
7321
6593
1426
2089
9095
3510
5489
6385
6096
473
4023
2979
4105
8838
8260
5550
1084
3481
2113
9089
5842
2861
6565
1975
1505
5504
7396
2044
2341
727
5963
4378
4912
6333
3057
6577
2854
4864
1716
1779
6058
2781
1629
9030
5985
5458
9155
3718
3095
4045
8869
282
8679
4403
6721
8872
8752
1365
5419
1793
1822
7723
6484
1393
3379
8831
2838
9069
846
8637
8420
1035
5246
505
2385
1948
8852
446
346
3391
20
7196
1624
1666
7904
4221
8586
5001
716
8035
8433
5267
9244
9130
7274
5636
4307
9447
6086
3491
8763
3627
480
4711
483
853
1969
6374
3840
4639
3912
275
8889
4760
6416
6815
4567
6517
2041
7867
2451
3973
7683
802
551
7661
3967
6838
2206
1235
5232
4472
2458
2759
6390
3677
3113
2126
147
4106
2554
4789
3470
8773
4587
1704
8054
4201
959
1425
2729
356
575
387
9232
1836
8096
3071
6765
3064
5141
8851
8614
6650
4124
3700
5084
1732
837
1994
8934
3320
7681
9307
5808
3823
1226
2351
1256
2057
9161
7558
4456
3711
9342
9199
8795
8907
4253
8407
7876
4775
982
2610
2384
219
9156
715
3500
2663
7332
3311
6725
9351
2703
6591
1747
2144
1845
5227
821
3862
6532
5562
1275
8400
5306
2975
6522
586
3698
3229
4735
8713
7433
2422
8094
5938
7719
4432
2139
3714
6435
1342
1648
5988
4828
5297
7118
8055
664
2376
9539
7777
3014
787
4182
3199
4811
62
4544
7147
2177
958
3420
7573
7071
7263
538
2612
6938
8345
9280
368
8761
3178
8915
6781
6160
6403
7313
1347
4957
826
8210
5025
5725
7986
4254
1506
3415
7858
1752
1638
8841
2215
6428
5736
1251
1165
596
6966
5138
4683
6161
9550
9341
6783
637
8688
7315
3833
6413
1011
1364
5377
3221
6777
3662
4010
1148
8221
4710
6637
2512
8031
3355
9021
1214
712
1582
4007
3162
2398
2392
241
8979
8476
4481
5941
9529
4625
9148
6284
7432
1189
1390
1422
7535
5498
7456
4388
7805
1620
8786
540
84
7074
901
5393
6922
2662
2947
1494
3328
9258
729
2926
9437
7818
1480
429
6821
7326
6418
9185
5890
3544
7682
7588
1632
9509
5820
6159
8072
8673
832
2297
7801
7774
4573
9265
9267
4821
464
2863
4358
3049
8559
3585
4704
1208
4537
9157
3317
3917
4181
9357
1690
7651
4723
5587
9380
4446
3219
7915
4330
3291
2601
1823
9552
2830
9429
8791
7881
5470
170
1026
7983
3021
280
859
1395
259
9412
6625
9542
5962
3314
7906
2649
2197
9019
7424
3431
6069
4820
8977
4522
5293
1900
8215
5390
2225
4569
8046
7363
7209
8481
5161
171
6503
502
6530
7594
786
2569
700
6756
7771
6051
274
1812
5079
7075
4426
3540
8933
2059
5385
1715
2510
7440
4009
2010
4480
6645
8331
7975
3264
4093
2688
7112
7047
8500
3187
9415
4475
8833
763
8277
2632
6365
1837
452
3303
3159
7305
8580
7449
8303
8413
2487
7006
5093
8955
8250
4410
2597
3137
680
1382
153
1533
5172
8486
4892
6345
4495
1647
875
7650
8078
3140
1744
9303
6678
624
5866
8827
3791
6823
5923
1135
2953
4610
4263
7423
4622
8041
4464
7202
8845
8490
4070
3657
6853
675
7813
5777
6775
3354
3835
634
8874
6135
1445
3725
4146
1834
5296
5495
6502
1223
5201
1580
3193
9564
4951
1665
145
5873
4096
4281
695
9206
3948
866
5327
641
8737
8684
5521
2851
6077
3552
6142
4794
4362
7015
3454
5412
7000
8414
1472
6716
7058
4661
9214
7244
7183
7215
1493
8391
754
2052
5404
6384
6175
1577
6441
7718
3437
5753
4717
2791
2928
1272
6956
3703
3591
9223
8904
6250
8557
292
8350
1412
2107
1316
81
7319
9311
2778
8596
8152
3373
7369
7824
8022
7981
2092
1829
4137
2046
6170
8973
7608
8133
4818
5316
1328
2269
3649
9105
7926
5146
3794
3994
5078
4303
7344
5391
9432
176
722
5324
6569
9193
6833
5865
1434
2924
4873
345
2354
5760
6619
3631
8238
3524
2326
7476
6048
7787
8510
5844
113
8117
6111
6488
2379
2210
6774
3582
7235
5320
5732
691
5231
9088
8714
8120
5911
3702
5668
806
4246
5167
7841
2140
1713
8266
3081
5033
4898
5928
6506
3237
7526
6055
2607
6798
8735
6450
784
6929
4312
7686
9119
7379
713
8619
3612
8862
6485
914
544
7655
1031
3423
2088
3443
1106
7420
2203
7195
5364
7115
881
2196
5107
5603
8655
8628
2060
3132
6572
7107
9534
7186
4645
6047
1092
8156
9364
3990
221
7985
3768
7056
1608
8268
3648
8801
4361
8835
4541
618
7941
8538
1473
4995
1782
9326
5076
8523
4072
281
3933
1310
1755
417
1932
2895
6030
6768
580
5931
155
9335
3098
111
9441
4415
5101
3346
1952
1037
4085
7969
6696
3163
4609
1989
7864
8633
7239
4402
4907
9508
197
255
5318
2342
640
6066
1840
8853
7823
9344
3597
1247
5877
3141
8654
6454
1935
8397
1105
6533
8521
3100
1758
8474
3660
8177
8367
6525
1049
6520
5596
8338
228
7756
8842
4605
9226
9361
3754
5577
3097
8906
6366
7190
3090
1350
3495
8498
7772
3035
4842
3511
8804
9419
670
1267
3610
2705
545
3799
6009
7364
5181
6298
5747
268
2505
4935
4107
4824
3062
7560
4902
7509
5880
1819
1800
6968
3651
7666
148
183
6343
5924
1990
326
6940
7633
7862
5279
6950
8927
2687
3290
7148
6483
9101
2871
1920
1371
7241
7402
8119
6505
6157
4937
7371
4604
4360
4190
5047
4989
3429
9367
8017
2439
1879
8549
6845
8664
3383
2728
1346
1674
9451
2305
1991
7886
9018
2218
8039
7641
1140
9449
5445
5947
5788
7164
8724
5663
4739
3435
613
7292
3273
6867
3269
151
1381
1574
6795
3342
1669
3883
7543
3724
5881
9053
1869
5200
3983
294
4255
9094
3998
8780
1279
4681
402
5019
2368
1491
7984
9460
8473
6122
929
4243
897
6399
3867
5639
8475
5128
209
8427
1185
4628
2822
6339
6670
3208
184
9421
4643
4037
141
1476
303
8163
7698
4802
4291
5836
2420
2690
6804
8948
1655
249
2943
805
5688
5210
4429
3271
7284
8550
6338
1680
8390
8122
7923
5693
950
6911
6472
8213
4300
5443
7601
8366
3048
8829
7593
1985
7665
1325
993
4431
3434
6281
9331
2147
7245
7738
530
4119
791
5660
7289
8745
5759
6026
9413
4685
159
5362
4637
4830
1656
8197
6168
1532
9109
7270
4838
5955
3306
6063
2520
635
5632
5894
5797
6548
9046
6471
4405
9044
363
4728
8700
313
8141
966
7529
8440
1605
332
2803
1338
5215
8670
6147
679
9108
3746
6190
1088
5011
1287
7457
2992
2250
5510
6054
1047
4024
5879
2873
8725
8828
6268
123
6993
7765
4136
4348
2463
3873
7083
8132
4945
9517
8916
46
7362
5999
6123
2325
419
5487
6105
3416
7064
5560
3130
3301
5394
8116
6197
2644
8755
4563
1615
2284
3350
4745
9556
2122
6222
5242
2393
3870
2067
2643
4730
2444
8643
3041
999
3127
5347
3710
8840
3234
6704
3571
1954
8572
8264
5024
6354
3920
532
2669
857
5241
3531
4921
233
844
1062
1929
714
6241
4068
386
8244
4788
3785
2033
306
9371
6681
392
2414
9006
2541
1499
3715
2956
9151
7143
9522
5330
1817
1536
2819
8747
2361
1300
9146
1795
339
1743
8387
5570
7073
2921
3206
5075
7182
2020
7382
5433
5187
2807
7278
8935
6742
7626
4338
633
7921
8457
5288
6265
7536
5827
7090
7180
4982
5863
4071
5595
1544
7819
6332
5635
2419
8494
7714
9323
1606
2987
2387
8782
8992
7875
1590
5086
5089
5525
7621
7012
3490
7275
1095
8349
4022
2456
1835
7899
6000
2350
8691
7231
2295
5805
6337
8530
5438
7502
6559
5815
1662
7770
9186
5658
5557
508
768
2185
1745
6074
9138
906
8480
4067
3455
4869
2247
5727
65
3960
1282
9121
1217
9444
1452
8459
973
8424
3284
5519
3016
3385
1578
5527
2459
263
2522
3773
3154
728
3846
3863
8821
1259
498
3529
9117
9247
2818
8669
5294
359
6394
5434
4822
6941
7553
5196
7219
2513
4164
8588
7087
8645
6531
7706
7040
1132
2827
9215
5503
893
5576
4477
6857
2745
4285
6178
795
4324
9153
6639
6875
6782
7737
8147
539
3191
525
235
6420
8950
697
5147
458
7910
7366
2749
6519
3603
4781
6344
8160
7623
2453
1085
3955
1738
864
8534
814
3530
4797
2119
9296
4665
5631
2764
4724
9256
2078
7395
8404
6181
204
6748
6158
5309
1945
100
296
1487
2587
7013
8430
4868
289
8155
6279
4747
7094
4420
7741
1894
1404
7095
1773
3788
6715
7759
8932
4087
5781
3606
2936
7978
2015
315
396
7324
9170
4815
2918
3452
9497
5677
3366
7802
8552
4299
7063
8709
1322
828
3792
5920
4306
5442
4729
8501
4642
5402
3553
6221
3574
1258
3147
3795
8665
2499
6999
2586
1250
5290
375
2931
6970
3956
4578
6201
1061
8008
7108
7251
2038
3223
7939
5155
8522
7368
1801
2804
7763
706
4371
8952
5673
5818
8003
5396
4510
4309
4693
5113
2835
6555
2959
3851
3360
1052
2403
9201
425
1897
7590
6932
4286
5755
1087
6006
4193
4759
892
5203
1482
6490
7670
5861
969
9041
2116
4433
347
946
4050
6453
5806
5207
3266
7373
5539
8813
743
5040
9360
1685
5624
1118
7458
4796
2976
2910
1502
2062
5169
9195
3523
3534
3344
7998
8703
3080
8263
1571
7044
6773
6720
8720
3224
7165
3268
5429
7677
4269
5917
252
2501
8612
9386
2571
6269
89
8719
7149
8077
4404
5157
6797
2710
6217
2285
7490
6850
3733
3913
6896
7592
9165
8972
1438
7077
4679
3732
7687
7767
18
6245
1742
3246
2567
9400
7848
431
4368
6078
1490
855
6310
2279
8636
3687
4076
2115
8256
6401
600
3250
3286
4077
6469
5922
7973
4463
2919
5505
9349
4712
7381
3753
3228
6854
671
5625
291
7478
7223
4932
55
6863
311
7207
5602
6037
6886
264
5456
3201
1826
733
9480
8677
3721
592
4948
2772
2090
6489
5354
2929
380
6763
142
8115
5829
1611
3922
682
2704
1278
5044
2897
1268
6653
9218
8937
1681
9253
7234
1727
6543
4237
3971
4192
4742
1388
1913
2829
2320
9062
94
9382
8956
6597
5422
6809
820
2623
9464
8271
7839
8634
3938
8537
4606
527
7049
7907
836
8822
1158
7123
2000
7639
6070
3745
9456
121
3836
5363
8788
9428
5130
3831
5856
2257
7786
6188
8959
4281
8103
3822
5698
7273
1053
3325
3170
5014
6609
2190
5615
9
5906
2421
6894
4292
8741
1875
7126
7496
8478
2399
8343
1082
3043
9284
3074
9438
1170
172
4585
8201
7497
5091
4443
1847
2852
3894
8231
182
5761
5870
6767
5331
2952
3398
6754
2903
1988
1358
8111
4756
2583
8646
1842
2866
3838
2608
8099
7725
8261
4810
7133
4753
3436
2014
92
1276
5756
8181
442
7121
7508
5773
6673
944
1072
1651
4987
4545
136
8625
9294
796
6907
4178
1904
3653
3974
2731
5277
1868
4256
5544
770
5198
5930
2292
2371
6398
7413
2652
3565
4658
5533
9178
1563
7804
6663
1200
8275
2312
730
4525
4924
7917
8632
2261
2357
5536
409
5948
6248
7475
5060
5459
7538
187
8818
838
1142
4740
934
4455
8875
8376
5017
925
109
563
3782
9015
3517
8641
2748
3461
8336
5180
1481
5902
8098
6303
4940
8320
6535
860
5000
6802
751
4154
8340
466
7965
5465
4047
7014
5424
8844
3526
8489
2806
7514
2789
1359
8289
7330
6173
3947
1548
9086
8217
3605
5971
2466
7894
3198
8591
5910
6219
3586
5041
7988
1765
4929
7696
5351
9058
7742
4836
1592
7301
9537
5448
4550
5383
4383
1995
1221
8187
4478
5904
6411
3717
2504
8597
1541
8666
358
9310
6534
7657
9525
7214
5822
2526
7589
3011
8857
1202
6997
167
9235
8235
325
7325
6479
8602
6946
7809
1772
8830
369
3905
2155
6556
3230
7260
6015
4019
767
1181
8154
6769
5437
6106
6010
4283
5171
3963
5095
7484
7539
6574
4170
4663
1331
8112
9092
6275
5828
4880
8368
4549
8004
7749
4203
185
2074
7411
7188
6793
522
5871
7793
8095
1383
9461
1587
541
2105
2192
9045
4274
5993
371
8151
3827
2891
9516
7328
3063
778
7469
15
5849
1162
2118
6227
6638
9397
5555
9359
6545
2717
9020
8961
8224
7439
2843
2915
8718
4149
1534
1570
8018
7201
9183
933
5888
378
3824
2884
24
6631
2523
1124
2679
5272
6162
7425
9489
8123
2826
9168
824
70
2570
4559
6090
9127
2131
3099
9038
5969
4130
5921
3422
6589
3204
7466
1444
2847
5179
1509
1349
1309
6363
1121
215
3888
896
2228
2151
132
5258
882
1609
8995
6761
725
1406
2442
7760
2096
1771
3579
7461
849
3047
5672
9001
7250
2966
6890
986
4215
1645
1885
3474
6874
8410
8379
622
5609
3774
4379
4028
8682
6388
5329
8623
226
5683
7835
607
4219
8140
1591
910
8015
9141
8462
4532
8873
6711
3872
8246
3464
9198
5783
4418
8056
4602
756
8196
5381
1714
8109
6267
191
5553
818
3349
5415
2003
350
4006
2677
490
1895
6745
5380
7479
7883
8253
4345
652
1306
5012
8617
5918
8219
8508
6033
2138
2877
77
2402
5949
1102
6316
8184
4476
1783
2682
555
537
4967
3844
9245
2303
6239
433
663
6263
4695
8332
3105
3376
3537
4101
8417
2181
8739
2545
2944
9098
3150
5378
757
9031
8209
5350
2249
2217
7924
3451
7705
3959
7546
3806
5572
2006
977
3594
5943
8594
118
7612
80
90
8871
3805
7145
7080
4260
6674
2786
9500
124
554
4968
7877
4596
1748
3644
2328
5310
2260
5238
3310
157
4983
6259
1332
8207
9287
1739
5857
5286
1218
3944
702
2291
2362
1762
1579
6791
9337
8233
3577
646
3634
6790
7629
3937
202
5176
3981
4947
5112
1866
6075
3259
4493
2719
3903
8068
3595
4135
3351
1239
4702
8304
8309
4409
8104
6300
5026
416
699
1694
4092
6402
7850
9408
8346
8126
7728
7746
620
6313
3194
7847
6694
8068
6989
3767
6870
7642
5701
8896
83
3244
5344
1436
8910
6628
181
7499
9547
6717
7020
6729
168
4305
6895
2448
2415
2699
5104
5337
6978
4744
9368
6351
6588
5995
8783
4231
7692
4143
1891
8793
8919
5087
5262
557
1094
5534
1236
2043
246
850
2367
4354
7486
6101
312
7404
5754
553
5619
6564
8846
9354
8016
1016
395
3027
6722
5346
8599
6500
817
3164
2194
5723
7296
2580
9506
6257
4834
8702
5468
8611
3092
4816
9034
9077
975
9348
4449
6406
4517
9221
7501
1710
5726
6510
3661
3688
8834
4927
7386
1009
1584
6656
518
8327
8125
8166
7232
2375
314
2553
9236
8777
4903
9487
9027
4123
4442
5771
2939
3704
6482
9463
9068
8228
1516
3813
2154
7908
769
6329
8797
4598
3275
8012
4066
8314
285
9358
7285
243
3740
8002
4132
5750
3549
3438
9536
562
3428
5413
5368
9328
6081
8399
6174
1330
7101
3323
6325
2746
4165
3091
2555
5712
4500
3613
6179
1649
3697
8728
7280
6951
2498
636
5514
8947
1022
3288
5633
7422
1799
31
2178
6697
247
5061
3023
9090
8941
7421
3825
3690
8770
5807
9207
4304
14
3
5090
8383
5779
5585
8295
1262
3904
8102
739
924
1912
2322
1416
919
2603
1735
162
797
4396
1455
7199
7977
3880
4213
3456
3877
1180
9270
6254
1159
2168
2670
3478
9047
4524
9503
4052
3736
9370
3536
9248
4000
1305
7166
693
7674
1718
3541
2410
1967
6621
3970
6811
3299
6753
8944
7158
7586
1612
1850
1507
4826
7109
317
9502
8313
5899
4236
5667
1740
3026
6709
5373
4086
5885
8949
2352
6462
1676
3487
1164
4965
816
6666
4840
8090
4316
4049
9066
1427
3945
4337
1731
7179
9414
3976
4401
6784
7678
304
2141
3034
9486
4185
1230
7757
5003
8033
6061
6570
3731
990
5649
7932
4808
887
6898
3925
5841
487
6757
5283
8527
4498
1489
7310
1892
4557
4703
5626
7156
2867
7443
5343
7708
1176
7081
1950
4098
2281
1921
7132
1391
6837
4184
8251
803
4129
6475
610
3393
5670
2334
4963
2199
967
7578
333
5174
6342
9431
6518
9032
6786
2876
2220
5212
3172
4621
5617
216
774
8469
5581
7355
4514
3818
8435
4506
3281
7595
3381
180
320
7297
5775
8380
7468
3564
2053
3032
4930
5375
9259
5386
8100
2179
7617
6566
3987
4296
8139
1448
5214
1918
1734
9425
4212
5077
7920
8300
3111
3501
4885
5050
2051
4162
2468
7832
6568
3713
1659
5225
6921
8173
6885
9544
4565
7951
1
3075
5746
6266
6752
3002
734
8922
2716
4197
9204
8450
5678
1760
1198
9439
3887
9281
7694
7193
3394
5266
5697
3535
6247
2657
4270
4482
4186
7701
4674
4435
1852
3720
2660
7300
2790
1038
2980
2437
1896
1264
3217
4479
3399
8965
3050
37
8749
1336
3316
4944
9533
3522
0
8577
997
650
2289
5513
4195
5561
4936
9483
2163
5070
3226
19
889
1143
5594
4343
6626
8461
2369
353
1886
3115
779
9313
8043
9116
698
6607
3737
2825
8553
6691
8507
6392
3192
3547
7329
134
4572
4997
5058
9306
9196
3488
8879
7465
6113
9049
8544
6223
4969
3489
3742
2306
8620
9288
7312
9211
2813
403
4133
7868
2892
5767
8695
2920
7228
424
8422
8967
4542
876
1199
453
5170
5182
399
8019
335
627
39
4964
4430
9122
3965
5082
6203
5926
5858
6409
2604
8325
1810
3516
8923
1477
5255
7473
6959
5819
4761
7751
5940
7894
6817
6480
830
1001
4497
1377
6125
7695
4829
3608
9494
1054
8252
3684
5303
8740
5205
4988
1956
4716
2423
8565
6760
4553
2266
5218
27
8363
1457
5311
3079
5466
4288
