227
443
114
149
366
352
84
30
409
503
49
231
73
230
244
479
271
51
234
150
368
319
54
467
9
27
238
20
55
111
335
461
170
223
502
165
132
173
159
198
332
376
494
289
346
218
353
10
95
160
17
426
16
445
421
207
373
98
398
500
250
296
314
110
286
326
120
18
408
311
127
12
232
299
320
387
452
8
108
74
277
325
393
472
142
162
192
310
191
413
70
401
197
337
441
32
272
362
129
121
178
474
436
388
229
56
293
90
273
202
38
243
100
24
288
292
25
216
143
99
66
382
59
97
367
410
45
136
300
39
58
209
88
360
161
407
200
318
1
144
404
464
246
190
208
287
394
82
101
476
174
302
176
350
169
113
64
396
478
444
278
501
86
324
384
497
455
94
276
323
34
167
213
450
433
361
370
47
345
395
105
425
392
233
19
475
133
179
194
242
183
280
68
493
116
182
439
0
487
222
156
130
263
285
437
4
87
215
2
119
488
484
412
257
417
265
93
262
117
477
41
334
260
449
220
414
294
279
31
505
481
247
89
228
429
312
188
256
33
138
456
145
203
307
270
118
466
306
498
391
435
315
339
107
342
282
329
126
139
50
224
148
163
304
171
331
423
124
157
356
399
492
301
254
85
297
72
6
347
158
267
389
91
385
236
303
154
53
431
269
29
308
491
480
485
48
251
76
235
21
46
290
284
447
219
442
316
363
489
383
405
428
186
205
181
458
468
153
249
44
61
210
496
3
422
226
482
261
40
341
357
457
283
430
400
67
26
358
419
253
83
125
470
199
380
381
495
459
122
155
241
60
104
416
109
471
379
252
217
386
454
322
15
298
375
402
372
80
355
175
349
418
465
69
321
460
128
415
281
451
364
378
147
344
81
140
258
259
266
291
240
348
275
221
23
274
177
52
131
13
103
7
184
264
35
427
453
172
106
411
22
440
43
327
473
11
397
365
371
115
134
499
448
71
504
78
164
390
36
137
193
92
79
406
166
152
185
75
206
351
305
333
328
340
14
424
146
168
37
239
483
42
195
374
377
141
313
486
187
65
135
338
96
343
5
490
77
237
354
225
434
245
295
255
63
462
212
62
317
102
369
204
112
180
403
189
57
123
268
446
330
196
420
309
201
211
469
151
463
438
359
248
336
432
28
214
