2904
5214
7796
7514
5759
8142
6956
5779
1022
3974
3675
1690
1331
514
7262
6013
1538
1464
6101
4965
7967
4156
3036
2643
3092
8017
1041
5103
7583
4846
2780
7016
6481
3656
7645
4946
8030
2578
7002
5776
1512
4539
4570
1520
2793
7239
2421
3078
7247
3286
4787
948
2234
1122
6531
6208
6838
4039
4968
7674
6078
8185
172
6905
4543
4726
3374
3041
6740
6045
3199
1314
7768
6521
3872
7037
157
7456
7778
4025
7283
4265
5030
2937
4216
1827
3211
1583
2816
1495
6467
395
7586
621
8098
3280
2423
5437
7060
5499
2897
2735
4438
5302
3484
500
18
3605
3401
5618
5369
287
2148
1997
1973
3519
2844
7914
1584
428
7507
3335
4377
6506
4705
8016
2248
7218
5535
577
1011
3905
90
3383
947
6354
5479
3902
7961
6084
6503
204
439
4902
7321
1820
7469
3203
6298
4466
2269
1177
165
4492
1577
7496
2746
7550
8037
6011
7973
7403
1805
5681
3486
6950
7075
2442
8020
4482
6069
4351
3352
3444
1581
5459
6674
710
4911
4712
3193
784
3294
2921
4535
4709
3256
3762
8061
5898
7741
4606
6534
6296
4035
1365
1972
7242
2065
1207
6057
4832
6411
3373
3826
5600
7509
5850
2944
7340
4923
3319
2787
4730
1611
103
3169
2773
7127
7954
7570
4386
467
7890
3651
1753
7938
1870
2739
5747
6156
6906
7076
1625
6810
1008
4639
93
374
4624
7592
1389
6537
5580
4005
7859
2514
5542
4023
4738
2585
2483
1542
3979
2131
2918
3950
4457
1281
1094
7226
3209
5612
3313
6770
7872
20
6979
3279
3510
5485
6502
589
4785
977
5300
4191
1609
5015
3254
8052
2912
2627
2221
6574
7770
7114
32
4297
6796
7124
7530
1713
3475
2535
2493
2172
5557
5000
3197
3075
6114
1150
4357
4436
6941
5988
2318
2741
482
850
7663
474
3320
3553
660
7248
2151
7111
6036
4670
7126
295
5874
1392
3535
1636
1892
5441
4281
4211
3772
7382
4178
1783
4607
2492
1484
2811
7087
6624
4562
1051
3649
2207
1458
4002
3160
1940
1435
6693
5439
3466
3232
8075
2152
6052
3212
6098
3509
4486
1371
7811
6152
4483
6228
6752
576
1933
5855
5142
1489
2070
7418
3805
4689
4753
7395
4176
7908
785
228
5113
3460
8106
106
1824
951
3429
1362
7969
4014
3930
2648
712
775
4170
8085
4195
6109
6971
5268
5990
5979
3207
5415
5682
5246
1374
1385
4060
7535
5167
6462
2
6485
8057
6424
5423
4311
1119
4876
6219
6629
8183
4938
3431
526
1237
7577
6642
5867
6864
625
7867
2579
2158
6630
222
1058
4767
1113
1967
5486
7557
3065
6435
3892
3428
7660
38
2809
7684
7167
3124
4816
829
7041
2183
6255
7251
3619
5483
5121
862
1668
8004
2947
458
612
790
6269
7090
4054
4883
2924
4119
1845
105
4854
3722
7809
6834
7146
3239
1052
8110
646
1205
4874
5425
2600
3497
6875
2609
4233
4381
1589
7654
1857
4954
5616
5871
6302
7858
3502
381
5635
2695
2548
4406
6137
4869
7928
2666
893
5253
6123
3144
330
199
4184
1194
4517
3734
1965
8187
7139
134
7265
1942
1005
698
5397
4230
525
4651
8060
4087
6449
7774
4776
8168
6625
4674
2528
2782
3112
6272
623
2083
4143
1937
7528
1322
7717
1991
7985
8169
1231
572
1395
4671
1818
7489
6944
5418
5929
1456
3035
7370
5798
4000
6121
1718
117
142
481
4537
7042
4717
3530
1666
6061
1964
1013
7480
4490
4683
5718
7783
2035
6192
2994
1179
5737
2198
6947
2687
4394
6005
1873
4468
3426
7541
6432
1
5589
2765
5471
2062
6633
1994
1412
8019
584
7600
2775
4322
5278
3824
7752
3537
6168
7800
6911
4526
2412
6244
4409
5117
6470
4462
6899
2049
8157
1958
6113
4742
1778
2617
3767
1380
329
2017
4375
3403
7129
3422
8165
4933
2291
6377
590
8072
3811
2073
1811
2558
5607
1804
7743
3511
7449
224
6952
7764
6232
171
8013
8120
7166
2057
1501
7149
1038
7976
7152
6614
2428
793
2778
3355
5317
971
587
1002
1626
3965
4402
5378
585
445
883
4391
1898
1686
4445
4246
6122
976
6431
4870
4578
1127
3285
1433
2896
2002
1049
2130
1792
2539
1722
2165
561
7899
5127
79
1681
1746
6700
6654
5895
4675
1364
6779
2720
8028
2075
7311
437
446
5095
562
7779
4429
1637
1359
1151
6975
7387
3458
5075
4665
4711
7013
365
3933
6888
136
6513
7006
6994
6390
846
860
104
1452
3842
23
3776
8036
6118
3272
5527
2007
7511
5926
441
4073
6897
3992
2220
8062
3896
4551
4558
5343
3419
5116
489
7120
5947
3540
1922
4655
821
6350
5957
5118
3597
6512
3871
5847
2285
6032
2268
2210
4533
3176
7994
2117
4708
4963
6493
7533
2766
5995
7646
8022
6263
3365
7278
1017
5860
627
6111
4079
8128
2222
3692
371
2939
2497
1737
4852
4656
4760
7534
3274
2861
935
5414
1533
7436
5930
6990
5332
5178
2171
3523
124
4917
5637
3781
7303
2270
7673
2028
7308
2289
195
5795
1777
1788
5910
3055
7346
7205
2652
5430
3786
5959
4989
6265
4318
7709
5853
4051
4996
5219
6009
7862
5552
2808
6391
7700
975
6829
4775
2913
6226
7942
2857
1545
668
5714
2788
7136
380
6138
753
5786
7396
5158
3435
2019
4399
3634
839
4867
2238
5128
5085
2998
2094
5444
7432
2424
2405
132
5396
812
5217
2481
600
925
2243
2194
7653
1330
7671
126
6293
2186
6406
2923
7651
7441
2946
2871
1578
7429
3134
7962
6125
3393
7701
7213
5539
3117
2177
382
921
3083
4523
6606
757
3495
534
5783
4342
3797
1685
1431
277
1272
6367
7955
4739
7024
6754
4907
4269
6258
1998
3914
7611
5823
7296
2594
7484
6466
2025
4330
50
263
5713
6131
1427
7442
5796
2018
2376
1242
4568
4559
1667
3606
1695
3583
556
1914
1620
8031
2905
7097
2590
5749
7147
1514
5548
2121
128
8162
6522
4654
6285
7869
7186
1689
7804
6772
2556
5181
6336
665
344
3282
582
2962
1721
6119
6375
887
6901
3412
5848
2715
6038
7261
4707
1635
5262
4695
982
2797
6835
3024
4919
5421
5509
1075
1553
1092
2103
4441
2581
5270
7706
3317
6312
2803
6054
2015
6315
7910
5661
1090
4439
3706
2964
4225
7137
490
1190
4024
1895
2031
1014
2592
318
2967
190
2487
1683
235
7187
6808
1131
6848
8125
7078
8014
2790
1862
4403
583
4997
4257
648
3433
6964
833
7388
4053
3647
5567
4102
6659
2115
5676
2928
3395
4575
6839
7366
1261
7263
5058
6145
3063
4538
5745
4899
6099
3067
5888
3098
5624
7194
1085
398
932
7440
7995
3513
1044
6566
3471
2595
3858
5079
7192
7827
6660
1147
2911
7633
1475
2466
6198
2239
3684
3968
4630
1128
3558
5002
3761
884
2427
6529
2626
210
65
675
6887
2140
906
1486
7254
6107
205
3424
2893
2464
3102
7838
267
6721
724
7849
4723
6014
1291
3173
6759
2014
5089
5308
2001
6224
6071
2653
3080
2684
4270
2056
8132
4174
7756
6117
2005
7339
238
4750
1193
7222
5787
2537
4737
8008
6308
3400
1627
2350
800
5801
6143
6724
728
2168
6236
5318
3376
4294
4958
7539
5830
246
3394
867
1010
2338
6518
5016
7368
2276
1803
1494
2407
4603
5719
5925
569
843
4374
1426
2506
7888
4872
7409
7401
3747
2733
3648
99
254
7683
1068
2100
5875
6042
2489
4668
2633
1551
7610
1856
5245
609
3715
4604
4480
6040
4952
1651
5679
303
2263
3103
5112
7769
1244
5292
4188
6892
7412
7439
7178
5352
6784
2050
1159
7727
1629
633
515
6163
3021
5922
4987
2189
3367
2728
5345
3652
3413
5984
2531
978
4721
3016
3182
7987
322
7667
1095
680
6429
4515
5481
335
3886
3552
5889
5566
6618
7182
7582
2255
74
6033
5537
1483
3910
7408
7389
8101
8063
5160
7021
1808
7379
750
1950
7896
4263
1925
6443
7414
2989
531
7113
761
5014
6327
7413
1663
2135
586
5992
5755
1079
7659
234
59
1844
5358
2868
1739
144
3603
4584
2692
5725
55
7000
3956
4901
5573
8083
2884
3554
1921
6596
5210
6929
7595
1828
822
4804
6885
1243
7101
248
3343
3531
1300
1171
1313
4715
1209
5978
4198
3245
3096
944
2494
6358
4385
619
7518
5312
5360
4625
626
4700
4589
286
7033
4289
7325
4201
6451
5518
7369
2458
6436
6741
832
2064
827
2411
6703
1018
5173
6196
5879
3003
1191
1605
5683
1460
2641
5111
6160
1560
6872
2078
4957
6653
2612
4168
1975
2582
2551
596
523
3924
6831
3377
2290
3406
6698
5908
6725
7081
6297
2413
3840
2642
3015
5115
1755
3014
5239
4684
6031
4615
88
5932
1001
5350
7168
6167
955
6074
3575
4959
6874
2436
881
7431
1716
6392
471
6811
3283
1295
6505
304
4442
255
4913
3732
5938
98
1682
1266
2571
7491
6037
5211
2836
4592
7841
1175
2610
7956
252
1317
4348
6425
592
21
1835
7383
5255
6705
4279
2704
2910
3163
6666
5066
7620
7020
8119
1674
2173
6798
125
8046
6726
2156
1241
3061
885
1638
2237
762
6661
3166
1656
5942
2559
1256
2916
5964
4699
6846
1673
669
2730
7893
1338
3316
4583
2826
3883
6341
5709
3168
1593
4062
4456
4040
7742
5814
804
5752
6051
3922
956
3123
7360
2146
1574
1316
2460
3217
507
605
1544
1162
6483
4789
1238
6786
2449
6314
1956
1833
6353
1155
6850
5729
2651
4573
6498
1506
6173
2016
5470
5155
6600
1669
7407
4329
2212
5288
2568
1046
4798
4414
5132
7793
7588
4831
7197
7156
5570
2022
768
2961
5361
7052
1360
7817
6259
4800
4366
6171
1382
872
4412
8042
6446
3777
2839
3040
7276
7503
1977
1164
2769
1786
2399
7601
6203
4464
4149
4376
3527
7485
4751
713
1931
7642
2832
6790
5792
1558
2561
4227
7100
6982
658
7293
4061
1386
5074
6769
2521
219
4636
8111
2784
3890
6853
4137
7207
4927
1459
87
1670
2279
4797
682
2696
4503
456
339
2986
6862
2051
1881
7979
7050
923
2191
130
1793
4734
7980
5006
2663
6216
3185
1819
3737
6370
3136
3680
1852
3364
7641
7580
2369
5652
5522
1798
1990
5198
2040
3139
8027
7115
5024
5212
7165
5593
1399
5247
350
4116
2520
1301
2907
3803
7457
5694
6500
3248
2302
6686
31
5336
5412
4185
57
6120
7818
3461
5562
476
6603
7757
1275
5392
4418
5902
7170
6041
524
3681
402
5817
1370
3141
3277
4142
5342
7965
5643
7614
1607
7661
162
6602
84
5650
2667
5224
1554
5736
6622
5870
2517
3524
7524
361
7553
3857
5907
2281
463
3859
787
5771
1859
2876
1280
2527
2169
281
3958
3242
6110
8018
5189
1437
1769
1026
6155
2737
2484
5468
7493
7543
6439
5349
2852
7454
2550
2457
7397
7924
7760
7051
5710
5384
4601
7688
6067
4425
5357
4323
4928
6351
6333
3793
5892
8181
1868
4336
2164
6841
3414
1240
3505
188
1202
6309
5638
2611
8155
3802
294
6833
5388
5647
4930
3696
3631
3291
8146
6549
2902
6999
4947
6931
2037
49
4784
5134
7043
56
7936
2380
7117
7482
1879
4497
6048
8109
2932
1107
595
3308
6180
3938
6266
4121
7861
5200
4252
4027
6920
5704
5962
6349
7907
5315
1398
8170
1661
715
5806
2502
2036
3614
4096
367
4507
4245
686
6368
4038
6476
5208
373
1247
1174
1906
3125
5232
5029
3290
8
645
2954
6782
7581
2934
4986
6291
288
7998
6234
5914
578
5707
4443
4021
2717
1114
1390
1245
5961
5227
4098
5478
4108
4404
1117
6869
72
28
1587
1306
1333
6957
3398
4875
7832
6511
3977
3229
3514
1745
4030
5306
4609
6389
4313
7887
2677
182
2501
3002
5594
7934
1123
3738
4154
1515
3188
3082
3844
699
5677
1586
8129
7151
5011
2433
4338
1770
5598
8174
4531
5045
684
6473
6865
7405
2187
6261
6989
3043
3610
2347
2257
2361
5088
4939
5884
2504
5395
4127
2620
5204
4117
4827
7410
6540
647
6488
2714
7245
3775
4314
1355
5436
2356
1167
394
5651
6340
7728
7284
4502
6202
1740
450
1744
2792
3636
4951
191
6376
6682
3162
3368
2420
283
3407
2707
1369
2199
2621
8124
5172
2659
4094
8107
3020
3370
7148
1343
3969
2870
5449
968
5190
536
5982
4162
3384
5248
2807
6749
6338
681
148
7603
5915
6871
1959
5019
1264
3788
5165
6571
3999
2991
3774
4264
722
7400
4423
5905
1249
5690
814
7909
3033
5857
5387
1236
7522
3487
1944
5987
2043
4650
3120
6962
7424
5625
5519
8179
6480
6399
7801
6440
4749
6428
549
6805
4873
7273
2828
161
1028
3027
3391
2352
1630
3908
5359
4283
1989
2150
6412
2598
2218
3496
7997
2596
447
6166
4975
3800
2838
3485
7847
3831
802
6397
5374
3632
2101
2644
1379
4134
6240
279
4950
8079
7428
7545
2364
7612
189
3836
169
5810
5147
3515
3265
7670
1696
6422
6150
2105
86
3996
5059
1173
8138
5523
2938
4600
6207
7154
2971
5169
5954
1899
7411
4395
7267
1185
3911
2821
5050
1848
3051
143
207
1962
6217
4771
6089
358
4718
3854
4880
637
5634
5505
2703
826
1478
5526
1381
2337
894
4932
2216
4192
4084
4091
4367
3326
6464
5286
741
3030
8171
788
4905
4400
4413
7722
8071
5533
1717
243
3612
2557
5815
2491
4540
7142
406
407
1981
2453
4522
5968
2496
2076
260
962
3856
866
5326
232
7459
3243
4416
3455
184
5347
6072
3224
3453
7740
6316
7451
2434
4748
3013
1543
2258
348
1104
347
1269
1376
37
7450
2888
3301
273
6670
5321
8088
4561
3520
2437
5491
766
1897
5751
7848
2161
2749
7023
5450
6324
5911
1223
2567
1871
7304
3417
4817
2228
5223
8131
4685
7944
1358
2873
3541
7372
2892
2023
7572
3556
1230
679
6496
1157
6484
1938
7856
422
3841
4397
2180
6056
2840
3222
2195
3235
4114
1832
7852
649
7196
6704
2367
2443
7556
6273
6275
6028
8011
5402
4632
5296
5849
6565
5773
2438
3658
7235
5419
264
3399
8163
3297
4998
1163
4422
1815
349
1444
7332
327
5025
3866
7948
2295
5804
6610
928
1564
6558
7271
3995
6064
6363
2325
4382
7758
5845
984
4890
869
2307
3300
961
805
7865
4511
7950
7596
6904
1639
4818
7786
4447
1176
2452
8056
3633
7993
2774
882
1421
1396
3146
3287
278
2729
6090
4567
2532
8050
6304
6085
3752
3954
4044
7512
7895
1429
5791
3671
2974
527
3017
6895
2394
230
5038
180
1905
3086
5472
3751
2391
2362
7594
2822
4384
4605
6564
7162
4401
1692
4885
6530
1135
5723
8160
4794
5866
4110
2077
3427
1353
5062
2214
7335
6174
5438
2471
6382
4453
334
8137
2824
5098
3085
6474
7544
1841
5076
3825
2815
933
2315
1293
7435
4982
758
3941
499
2087
6873
7546
7246
1928
4379
342
6860
3459
6076
3790
676
5789
4144
2336
7483
5281
6640
4803
7529
7689
1842
4112
4647
4564
4075
5442
7210
1035
7537
1923
4049
4165
855
2819
6369
3564
3913
8140
7316
3904
282
5649
3268
5654
5998
8143
4778
7093
5216
1401
5145
2312
3782
1183
7351
2264
2304
331
3026
7452
3609
4825
7486
1473
6277
7662
4505
6346
6867
7057
7549
7233
5977
2649
3529
1536
7062
5644
4202
4519
5037
6592
6917
2942
674
168
1415
7880
7669
4664
5666
6800
346
7144
2211
5828
7198
5180
3081
2817
2879
4331
30
2690
6434
8007
3901
4829
3533
4814
3816
1794
2941
354
4029
4459
7011
5034
2160
4250
3695
5001
7174
3703
4234
6757
3971
2608
2573
725
2973
3804
6239
7803
3827
6821
3927
3145
4071
4213
4809
3307
1463
2331
7224
6433
3828
3932
4026
5333
1948
6974
836
2432
3501
359
3101
2747
7463
716
225
7819
937
7591
6046
1708
4076
6595
3260
7317
950
2473
995
1830
2999
7691
2010
5143
2661
1709
7835
852
280
7836
6577
5821
5778
160
3130
3833
4744
611
6753
1289
1357
4133
1894
4976
7650
5767
7007
3059
7455
3672
6250
3164
4139
3851
1782
3128
5627
7508
3476
6075
5999
7195
7330
7384
6728
6951
1050
2956
6938
1749
7690
5501
1138
5507
6523
4138
4019
3360
6876
2700
2038
1649
6781
3785
5081
1160
871
393
6251
813
5936
3131
1809
1939
3604
250
5597
1139
886
1453
667
7680
3879
7474
5825
3731
2052
2093
1413
3174
1307
6984
820
3045
3555
4621
2933
2732
6747
5750
1985
7567
2978
5119
1688
4487
3472
8136
5854
2553
4444
6646
3231
4181
2278
7746
6978
8095
494
7416
6822
553
14
3571
480
5753
2246
1196
220
1408
3835
139
4646
3717
3171
2066
6205
3739
2833
5544
4104
7232
6177
2756
5055
5500
4491
7598
6617
1057
3877
4536
2006
3324
940
1172
7657
1406
6665
3912
4563
5693
3261
244
3006
5282
7871
396
5327
3980
3899
3204
2753
5102
4504
2071
5946
3778
1093
5727
5841
7086
2764
3798
5931
5868
789
3190
3989
3106
3072
2796
2122
6684
7061
1532
7555
4141
942
6817
4673
269
2886
4247
2699
7066
3270
4390
4830
3853
3691
3463
3132
2162
2469
2408
6713
1735
6825
5023
5856
5721
7922
7478
5738
4150
4228
2259
4315
178
1405
1394
2887
6662
3159
5939
2987
7504
528
3192
3875
2388
4547
2265
7038
3852
2576
1040
965
400
2067
2386
3306
5912
6673
5629
2931
4232
4773
1530
6896
5462
5123
5765
6454
3794
7272
6560
216
213
7274
4780
1704
5890
3253
6468
7552
2671
4714
7525
2683
2377
7731
1823
4713
2387
3178
8135
5188
6934
8038
7185
512
3150
2340
6287
6516
3959
4791
7999
877
5141
3953
938
4914
3719
7638
7323
6401
5177
6497
82
6861
5314
6842
4001
6421
3934
3273
3148
6775
4529
5550
6582
7723
1115
6087
987
5443
6520
2882
3572
6709
4990
5135
6590
1346
4722
7447
930
8147
5136
3058
949
638
6386
3298
6331
2701
6621
7243
4186
3951
3127
5772
2736
4619
1633
6426
7135
1482
7104
3708
533
7678
360
6824
3269
5259
1567
25
1145
5927
5068
1524
2505
1517
3984
3630
2181
7309
4706
2108
4310
6727
6335
5057
2498
1999
245
5367
7744
4333
7353
424
6762
166
145
1634
1760
6504
1896
998
3686
4727
7845
7443
3389
3109
7394
4363
1225
7631
7184
7823
6573
5035
847
2536
8051
6765
1294
3627
774
4365
4243
4945
5669
7341
3000
2020
3025
2327
4431
1699
4231
2738
4020
889
6973
1257
6699
6718
120
3791
4988
6374
7206
2124
4745
4556
3029
4305
2476
3720
1916
7031
7312
7171
1387
2783
1086
5464
284
91
6683
1729
4595
3617
2069
721
69
4955
4882
3602
3679
5952
170
4346
2475
6162
6209
5044
2716
2241
3054
7103
3724
4667
4092
7953
6501
704
2355
1912
3064
7682
3637
8073
7766
7268
6461
7337
4253
7792
5692
2044
4047
7012
2914
1400
3818
4189
4182
455
5452
7685
4006
6077
2589
2806
4042
5283
2543
112
1188
8000
5757
1141
5590
5675
4728
1644
5827
2990
1855
7627
677
3180
1913
6924
934
5460
6372
3259
5218
2722
4244
708
2635
513
6495
848
5920
3246
6685
6851
7244
2106
488
1383
5040
5790
3011
5788
2224
2206
6059
7733
1754
4918
475
2534
319
6972
6715
1039
4208
5252
5610
6780
2510
5096
7073
4372
3586
4635
2033
828
1471
4549
3104
443
5585
6774
291
1312
8089
6650
5986
6628
3108
6292
5237
4428
3998
6343
1438
4660
2292
6788
2301
7464
2111
7277
967
4296
5775
5191
5933
4495
5893
4298
2208
7419
401
7217
601
2063
3668
6525
7748
6910
7648
364
2605
5404
3052
2895
6613
1974
3599
4455
4396
7065
7180
2751
7917
4015
1759
2569
3997
3325
3598
7169
271
5156
370
2280
2227
5146
438
4238
7860
3590
5480
943
7492
5455
6384
8059
3532
5046
6020
4426
5434
5667
7947
1534
2478
7068
4077
5971
173
2379
7972
1641
6884
3099
1677
7025
158
6581
5451
1838
4510
7188
6948
919
4120
3271
3349
1552
6186
3688
5381
3135
1493
7763
7298
6737
6584
4792
3380
1267
2855
5824
6857
4277
6018
6915
4215
4022
5182
5398
4992
5138
6589
6322
137
1846
7030
5139
6507
5238
3771
6235
5424
6381
687
6791
7391
3252
2284
2795
7287
5630
957
6955
3071
4900
7264
4109
3315
7739
6793
2936
7863
5149
916
2365
6158
2441
7604
7597
7652
6509
7584
2395
1531
4662
1287
356
4702
5454
7225
3676
2791
6286
6450
1469
7288
293
7940
5277
6988
7448
4560
2308
3230
5271
7687
4512
4577
5980
1063
3576
6764
981
3385
954
113
7929
7878
7266
6723
1785
2300
4796
7693
3669
974
214
5653
262
2674
434
2580
2425
7745
6306
7840
2607
1080
4093
5370
6420
3386
1790
7959
6035
4793
1342
2409
8086
4045
1032
4048
6755
1439
468
1598
5061
6515
2983
927
7870
7881
5390
1337
2726
7877
4936
2027
4157
6024
5426
5520
6961
4105
7354
1768
4757
960
7231
692
7219
5835
2406
6928
5411
4206
4893
6926
1992
4859
3832
6945
1417
1325
3522
4972
119
3962
2889
1344
5748
3493
5506
3957
7310
75
1326
5082
920
3107
5532
3838
3110
8044
5012
4643
5368
5697
6448
4032
5295
3887
3949
4892
734
4448
7960
1315
3423
1693
3817
1599
1955
3716
6554
4964
276
7291
3079
2693
7203
532
5407
7951
4214
7269
2885
4499
5330
541
1087
3448
4594
2968
5852
6919
4720
3565
7157
7140
7891
3923
1250
2625
1891
192
2090
8158
4118
5080
3616
6916
6103
7538
5285
6062
2860
1797
3769
3985
2785
7069
7820
3823
5331
6463
8034
746
972
5078
2110
506
3955
2311
732
1234
1659
8064
5086
7295
4614
696
1876
4260
3763
2629
4302
2283
7315
70
1279
83
7730
5107
3047
5565
2089
7510
3592
7735
5777
7568
7191
8189
107
738
5887
8184
3382
3787
7112
2854
7257
3705
2397
7704
5125
4710
5811
2126
1594
4496
1784
779
4524
7946
1993
4458
6430
4361
8049
39
7889
4754
4037
1774
7047
313
4534
4862
1706
3354
1624
3759
983
5495
5105
2267
2159
6190
1278
3563
5731
1885
1420
2616
530
7767
1882
5151
2724
3073
794
4220
5770
730
8127
78
1652
2880
5469
1373
1447
7028
3994
5131
1750
6001
2604
4205
5813
1153
3196
622
4370
1235
4612
3350
7527
4999
7647
3451
1943
6730
1067
1978
7719
6134
1284
786
1142
3503
5087
2081
8141
4258
17
6987
3654
4995
4197
5284
1097
285
435
3019
48
2574
4834
8035
5157
540
4472
6357
2812
5715
3462
1773
5558
419
1915
2997
3467
1700
3885
5043
6985
838
1375
2966
707
5054
4301
3249
5267
5316
6021
3289
7498
6696
2485
2229
1368
3351
6743
6347
6270
3665
1213
2333
6588
4343
1327
2144
2429
996
1204
6710
6282
3935
2754
7096
537
6112
1074
4004
1073
1454
7912
6837
1004
7618
4528
861
1169
2465
5323
6268
2866
6792
5376
6843
6068
4317
5901
1449
636
77
1345
7834
5487
1297
5948
5148
5665
3638
2480
3650
6783
6437
7098
2975
4608
156
5235
2470
7785
6689
2273
8024
6218
858
5529
2814
6816
7336
4766
8151
5699
5516
6557
6608
4554
2096
2980
1034
875
2682
3255
6863
2354
2225
6789
6611
3121
4324
2488
851
2468
7876
2446
496
1318
5900
2309
7481
1106
3219
1102
7153
7875
2242
5698
338
608
299
7702
1539
3161
1077
6607
6980
7475
6006
3889
5833
3780
2863
6200
2985
3881
6182
7322
1329
4680
33
7707
4373
7868
6
1391
1736
6601
5976
5674
2474
6801
2507
7190
4960
5511
2021
571
7562
5226
1149
5009
3304
100
4223
5341
5220
2463
3363
2524
5067
1877
1901
412
3310
7434
7252
5886
3483
4731
6681
760
5619
320
1654
634
2422
5940
4196
5097
425
0
1214
2190
4984
6016
42
557
3601
1233
3770
6597
2982
2490
6852
2963
6142
3095
477
5410
5346
1465
573
1349
4599
4850
1529
4896
7143
2145
4698
1662
1850
5051
4736
7813
5440
2060
64
4735
4506
7554
6147
1963
1580
4768
2711
7118
4755
902
5615
3628
6126
4593
1084
1248
5858
6237
2401
701
3865
3972
7602
4450
464
1219
7306
7623
1036
4393
5863
4678
6763
630
7892
7256
3748
7675
6697
4295
5258
413
1029
6688
340
3701
896
6457
2330
5007
859
3742
2282
4566
1332
5257
7923
5094
1436
1246
868
4682
6482
7044
7963
4878
6249
7866
3480
2823
5126
1273
5305
1031
1650
7615
6664
5576
5708
1479
6946
54
5026
3728
4545
4777
7375
115
7932
6936
807
4407
6803
3807
2360
7183
652
6766
369
2772
1255
6555
7039
979
5685
1259
2032
4906
4525
4889
4546
7532
5941
7666
8191
7342
8153
8156
2175
6141
879
6587
5427
4437
1603
2120
1285
7708
6647
5512
7472
1864
1752
3227
904
290
2770
4341
2979
6195
6927
491
6019
5547
4081
2086
469
4808
2752
3943
969
7236
2262
5244
5060
6408
2123
7465
7842
5695
2601
689
7771
5584
3978
5489
3588
8102
6301
4339
3894
7324
1646
10
4088
628
3736
1109
1550
2370
4833
1687
6639
2029
5793
5109
5756
3498
4380
3074
7851
3874
5010
6393
5279
3893
43
2102
1680
7470
3088
5877
5475
4337
2522
7241
4521
150
6819
1890
5179
3076
7639
3500
817
4652
2628
6539
6942
2940
6889
7677
4649
5508
6148
1199
378
5307
2079
4067
5466
3570
2554
7249
7747
7133
6761
6745
3452
7825
5399
618
8015
6452
7022
4799
4971
6012
4131
1734
2132
308
4325
432
275
3208
6993
4839
6806
5482
1839
5047
5366
5935
6030
2935
3156
1168
7356
2232
4719
5476
2418
5538
2757
2691
1612
6079
2636
4909
8001
4761
2678
2883
5842
890
3727
3757
6536
3490
6342
6283
997
7649
4949
2444
1455
1602
2499
7019
7900
5536
7628
6320
1982
6631
7040
4640
3878
2072
4941
4666
5724
63
7894
7569
5716
4132
4514
4886
2393
873
4371
4130
4433
5658
1546
3157
5975
4123
6893
4173
5433
1757
5362
4828
2299
5069
3829
5617
6193
174
1112
1062
4921
6778
3808
96
3743
1025
2382
6300
1480
212
2009
4417
7176
114
2188
2392
2781
5599
5829
1071
7794
624
907
1751
6807
3693
1019
2381
7560
4057
7506
4843
2253
3305
4199
2371
4676
3037
7589
4251
4124
3768
2322
256
2139
729
5924
4587
2511
1308
3432
6619
742
685
3754
4153
1660
3916
1045
6655
5569
7983
5175
8115
3909
5130
4140
1136
1771
5844
2761
7121
4887
1324
5633
4465
6528
259
4530
4334
6960
7906
109
7220
7608
5161
5365
4028
2461
5688
606
3639
4267
2922
3729
7348
408
2915
6799
6651
1865
7949
670
6460
4090
5351
4937
3415
6830
1732
7250
7814
4212
5129
2584
1154
4576
2660
7640
387
4788
12
4435
5646
5093
4894
5587
1535
1597
2440
2403
2326
7978
3042
6172
2894
3551
3094
2891
510
5196
3137
7542
538
1617
155
5229
705
2878
486
7234
2630
5073
7082
3296
1485
2859
8159
4345
7223
3189
1350
4555
5613
711
3548
7658
5861
1393
5564
7297
4275
6442
4588
5782
778
6669
116
4415
3967
386
545
2410
193
5672
4135
4387
6804
4350
1292
5301
8105
253
5313
6321
7398
2875
4908
3685
4078
3267
7404
2849
655
2862
767
4746
7145
478
3241
3247
5028
3023
2637
2867
7761
5763
7816
7125
2305
2203
7357
2664
487
2632
3981
4041
3470
752
7780
2250
5705
4641
2742
7988
7109
1604
5608
2847
5372
4849
2348
731
7668
740
7438
1861
6687
1568
3683
7853
4819
7561
3895
7027
5275
8058
1282
7850
325
4802
2272
2920
8045
2541
3539
7937
6065
3007
5072
7939
7696
1851
7831
6252
1960
4716
504
493
1428
4628
7461
3561
4686
289
7784
5203
3346
3699
6738
3740
4204
6734
1781
3991
7495
7371
1917
8065
7721
7617
7787
3697
3479
1525
6767
2400
3372
7202
4569
4940
4861
1858
176
3666
6414
1608
5840
4743
200
6644
1450
5230
6998
5299
5551
5626
5575
5956
6732
5503
5324
2564
7975
5540
4473
607
1505
5670
5477
4411
4085
3005
2744
353
5951
7846
6106
454
13
5521
7294
7632
7883
2455
4239
3682
5766
4881
7105
3194
4980
5636
659
2024
2166
3884
3848
5671
6210
448
3345
1508
1579
5340
7107
6213
5808
5225
7751
3184
4115
629
7189
4254
6499
4596
720
2003
7290
2917
3105
1007
3779
7573
6093
2055
1724
5596
7228
2223
1277
6707
4485
3158
6047
3342
8002
3815
6379
3864
4256
5241
372
1305
6097
7092
5928
4126
3830
6902
2030
7172
2593
261
6491
7281
8161
7710
7857
831
4273
5382
1457
3100
3258
5805
6050
7445
3707
7352
6492
6211
2650
644
203
1537
5199
1158
654
6598
45
6227
5684
835
3012
85
6983
4474
163
7215
2841
8182
4774
3321
1445
7253
3939
952
5663
5003
1733
1336
7240
6325
4304
6729
1228
2903
718
3474
8152
5187
3670
1968
7676
6969
1776
6184
7279
47
5513
2389
4488
1208
3581
4934
6323
1409
5406
4841
770
7426
5413
7083
4478
3369
7386
5524
834
511
1076
2549
7497
2059
7417
6247
7331
7163
6388
3986
4248
3566
6678
3295
6609
2958
5319
1954
2439
5298
1418
7501
4679
1442
6124
5168
7672
4572
6003
1653
3596
1570
1878
3907
1372
7802
5880
7423
6795
7989
6524
3240
5913
6708
4434
2104
3976
6667
1929
7697
4629
6007
7551
5065
3580
5605
1575
543
3642
4931
2508
6394
147
4853
5409
8087
777
8123
7679
1701
2789
5339
5972
8054
7622
7001
3873
4663
40
4303
3034
1791
1748
6332
3375
5375
6702
3789
3046
2286
1472
7839
7520
1712
796
3434
7637
5904
1549
3591
6881
4016
1055
6626
3111
2638
7807
7821
1121
6169
7634
4312
6943
3931
6189
1129
2451
2163
7305
3233
3710
4218
6935
3801
6073
2698
6937
717
2587
1181
6739
6444
5754
3713
6385
744
3568
6731
198
5741
1566
672
1422
5504
1443
1837
5655
6214
465
6932
1042
233
5122
5297
1866
3937
3340
3330
3039
3439
5673
2706
3312
1623
6585
2048
265
6290
5287
3118
1807
616
6909
1137
8145
6317
6326
2960
6612
8121
1165
1569
1037
5389
2328
1806
7773
7585
6663
3559
3238
3336
2454
5545
5903
5934
6029
1341
6605
2061
736
1198
3506
4183
509
6545
7799
2906
791
138
4898
2147
929
3143
6599
5371
1521
6868
8012
2619
4978
5993
3262
2969
6552
2213
1321
7161
1860
4527
2252
735
5917
1555
7698
3700
2182
4977
4770
2996
2786
8167
2647
6711
7216
5071
2538
3236
6352
1124
1274
1309
5864
3250
1232
7467
1363
5563
7886
485
2184
4812
3378
2486
1814
4470
2118
3749
5018
2153
7074
321
7905
6063
1658
3175
6890
2332
3201
5595
5091
307
6787
7605
6438
6967
5918
2908
76
809
3898
7992
7328
7918
409
3861
6095
1563
5656
1118
4509
4920
2827
1110
6383
7686
3640
5385
2656
7943
3847
6178
2363
550
2179
1072
6996
1526
3964
3358
2095
4747
7122
864
7616
521
3457
4696
7798
3214
352
588
6472
5473
3404
6104
7575
4147
7854
3624
2675
1831
427
6151
5744
4262
4871
7692
1082
3221
6278
6453
6181
7015
6026
1679
1126
5364
6043
7833
939
1731
460
1795
1601
7970
6812
4657
5581
5622
7791
2950
5554
1847
1061
666
3507
6371
122
6294
5803
2509
5193
1513
6201
4694
1854
1561
6238
5420
7926
6409
7095
1497
3170
6898
4765
963
5221
3392
3454
3138
808
6310
6044
6136
3402
4155
6289
7826
7005
5453
1403
6253
844
4916
748
6965
5606
4274
657
4611
5266
7471
1133
1048
4299
2233
878
4759
3464
5742
2317
3709
5194
5236
6532
2416
7490
2669
6576
3674
3891
7884
7749
7599
7843
4421
6305
417
229
4463
2810
2266
2672
763
4236
3077
2591
6260
1218
6814
5896
5958
7968
167
5781
3361
2368
6823
2929
7904
332
2287
6758
4056
7468
6637
2927
7837
3066
7237
810
895
1694
4617
7430
6883
3983
7046
4498
1059
4704
3579
3756
7084
4210
5583
8091
5377
5831
6922
4981
3663
6183
6992
4824
4099
1499
3990
6794
2467
2419
2881
1304
2359
7380
7302
1853
1217
1226
5876
3921
4106
7664
7211
5101
604
5578
7964
154
6855
903
840
4810
1448
4011
5689
4369
4648
1872
2988
980
5017
7643
2972
5474
3348
2900
479
7782
1957
1156
8074
7703
1254
6179
6692
5838
3948
8097
41
4271
3860
635
7085
6419
8148
7
4786
1192
2310
3438
2245
560
5641
5760
5049
7488
3202
1821
1672
3952
7437
6176
1647
1319
2681
7301
492
2721
3536
5164
3783
776
1265
1900
1423
8070
1130
2384
6706
6344
423
5818
483
5020
7138
5380
6544
2277
2357
1765
2725
5836
7473
2192
6827
5159
3839
4693
52
1588
2518
4290
594
362
6494
1461
3440
5966
6135
4877
6243
6543
7797
795
1111
5769
6313
663
4658
1600
3142
5730
3302
5022
466
3028
5092
5659
6918
5614
5546
552
2058
4783
7712
888
3359
874
2074
2542
4904
6586
6635
7056
1270
6010
642
2702
6750
1703
146
3449
811
519
2026
1296
3329
429
5053
4451
8186
1945
737
6572
7516
2670
5762
7201
2068
6022
3387
7374
1621
4687
8067
2254
2261
4762
7777
2555
6165
2526
4653
1562
4316
4970
1260
2890
6194
4013
4335
3129
405
6695
3594
95
1572
6407
6563
4460
4616
2713
2260
6225
6832
3837
414
4340
5099
842
7094
3425
5458
4983
5070
3009
2977
4826
186
3607
6719
5950
6894
3333
2080
7307
7915
5609
4518
3436
6378
5
3200
3855
6094
2045
539
133
6170
5784
4034
6657
1503
2482
6797
4286
3318
6102
6049
175
643
7175
3516
924
7898
1946
6157
2926
6458
1556
8180
201
993
7036
6760
5250
4845
1869
6680
2435
4420
7425
7729
5862
442
7343
6418
880
2430
6756
5602
2197
2694
6877
1206
3357
5574
3945
719
3062
7991
4475
823
4479
4145
7045
4842
7466
1665
1801
7164
5740
2597
2054
7327
183
416
8010
5883
3228
1867
5309
845
7609
7941
2640
3525
2143
6387
4242
3970
5108
3657
4550
2546
551
1640
2901
5819
2042
3621
5403
7077
314
806
5013
5251
575
5664
1498
6859
988
4241
1116
837
457
7270
7966
3115
5153
9
1195
1705
4838
3810
4795
501
566
1969
5052
7765
4703
3795
226
1655
749
2128
4287
5945
7285
3702
1614
7590
6416
2801
2293
3191
7606
709
7131
5064
5621
4925
5031
7513
1810
4924
6826
399
1033
555
6627
7864
2639
4574
4059
1143
6058
2799
4626
4125
1424
4008
6641
4642
1904
4368
7695
4772
3337
4586
5077
7521
516
3560
6206
5110
2848
4148
3339
2513
1758
6149
208
7289
2777
3882
2631
3276
270
3521
2734
4103
1540
1947
6913
3049
241
5944
7160
5033
4598
4844
7805
8094
1096
564
1863
891
7726
2673
7665
5794
1434
4956
3
673
2572
3181
7855
7952
7563
4203
421
7996
6233
3165
4489
1510
5543
574
3198
7402
910
5207
7390
73
5186
6490
3766
1741
4446
1800
8139
2205
4449
7830
1229
1411
6337
4979
4922
4344
2820
959
2563
1407
5530
4811
6447
7088
6459
3275
7193
7566
7958
5184
3443
4278
1334
5242
4501
1728
258
6997
5355
420
257
6550
751
2992
2602
1189
357
7446
2402
5894
6274
5668
1557
4046
6844
6828
194
5826
5465
3644
991
2231
6215
4306
4929
3862
5820
2157
6925
5859
3966
3661
2560
3677
4835
5202
5496
196
914
7063
6311
3508
2008
1184
7349
5960
217
7579
6403
4943
3032
5276
345
5851
8154
5005
5967
3545
3341
6487
7759
1522
3057
6489
4623
1509
6002
2112
3154
4276
68
5923
7810
4974
5222
211
6080
6060
3332
6735
5206
958
2495
3205
4993
239
3667
2519
1348
6023
3961
5209
2091
3562
2129
6579
6976
7059
2335
6977
5568
4613
2835
5963
5264
6144
911
3408
5422
5702
563
8175
570
3379
2247
7977
1328
2116
4164
7715
1024
7629
1132
3812
1144
4356
1822
8164
755
297
292
5428
4758
3311
3876
900
5997
4634
324
2727
4326
4392
7123
484
6701
3534
5063
1576
323
5228
1134
651
3544
639
5739
6187
7177
2209
4729
7333
6694
6405
140
202
5240
5780
4219
8166
6547
223
7035
901
8090
6096
4779
8108
2149
383
4362
7874
2646
2119
6004
1323
2313
6231
5746
4752
4055
3869
3547
8076
5623
3362
4948
6923
1825
5254
3567
302
3653
1425
6264
2984
6398
4790
7656
2137
1053
1200
3730
4481
2634
4591
3338
5144
2314
7515
5601
26
5084
5233
1339
4194
1628
2552
7106
3917
3489
2723
5703
2813
5243
2993
6675
1268
1874
3303
2320
135
7362
4217
1178
4926
1763
7433
6634
1671
2431
6594
7705
206
1976
697
3615
985
6954
3008
6115
3381
3244
4557
3468
1902
4352
3755
7494
7559
1099
7067
1006
6714
1466
6930
5631
7547
8172
1451
266
973
4080
5591
7158
4688
3186
6575
7990
2525
5949
5215
4427
3122
426
726
6319
1949
1148
7725
7885
2760
4690
6055
5467
3309
5133
7499
4969
3140
1934
3091
3973
3010
6288
6845
2767
5846
3626
7916
5834
1730
3538
5373
2874
5039
5393
6139
1441
7487
6092
5873
6668
3821
5553
3371
2825
1056
7526
3678
7517
7003
1047
2845
2544
6469
2109
2779
2853
4113
7753
8093
7945
792
3929
4160
8053
830
449
337
3323
1263
5525
4863
2668
2710
7280
5484
129
5577
470
4226
5083
4620
1727
6569
5712
1932
7558
3900
8130
3659
783
1919
4089
1511
650
5041
8100
912
3760
4661
7004
5628
986
4944
5701
1875
2349
376
615
1081
5586
6455
1884
3334
2167
2297
2515
7576
3662
5722
1101
4580
1691
7738
6164
1880
1009
2588
1504
97
5869
7009
3237
46
3867
5687
6140
5435
6034
1927
3456
5891
6410
461
7607
5822
5645
404
6716
8118
4101
7828
2374
1352
7571
3288
2800
7017
2740
5785
946
5969
61
4193
5338
3213
5797
2768
2082
3646
8055
5201
3919
989
2748
5004
4017
899
2217
6088
1216
1356
5463
2088
6690
6553
6519
5356
2396
3056
3070
5700
6548
2341
1886
7393
2155
179
7221
7179
2689
2154
5401
6746
3744
5996
695
7377
2679
1347
1410
5416
108
4915
8066
640
4308
27
6191
7102
7578
3850
4741
2342
892
2705
151
4476
5571
5733
2603
769
4691
4516
8092
67
4280
1170
3799
2174
7381
3353
3437
818
3940
2523
3655
5363
6017
4548
1632
3741
8113
2244
6856
5036
306
433
4083
593
3465
5192
4031
3704
990
7935
7141
497
7364
7071
5140
1715
4942
7636
6921
7737
3928
6445
6415
548
6656
3546
3225
7350
5120
5832
3698
2296
5556
3550
700
2383
1016
247
1012
3281
7010
8188
4659
311
1710
4175
4072
3880
7079
498
3446
5497
7714
2615
6907
4237
1311
209
6722
953
5865
970
4272
7500
6508
6355
6318
1146
4966
4268
8081
5431
747
4868
19
2127
1030
2294
7477
3745
6212
5974
375
4432
1987
3491
999
4837
4282
7292
4261
3814
5334
6373
152
2575
3574
3746
4068
3897
431
4622
2097
671
268
149
80
6197
5809
1775
756
702
3813
771
4805
1221
3421
2378
3060
6366
2865
6785
4063
5560
2562
94
452
3622
6510
4069
6963
7376
6475
2662
3796
5408
6303
1335
4319
2843
4571
5620
694
7299
4697
6514
1813
2141
1953
591
1910
1840
5549
4010
1367
801
5882
4633
1518
1812
1351
3629
6400
6840
7128
5114
4740
1298
922
7931
7844
1888
7734
5032
2686
7421
6471
546
4552
6578
4320
3499
1547
5291
7732
4500
4961
2170
5042
2645
2230
7718
8112
451
5561
4865
2877
4052
153
799
2951
7392
2353
296
7824
7373
6154
2426
1487
3542
5303
7208
3936
7320
2842
706
1286
3001
2138
1021
5320
3549
3097
1180
11
2623
2533
5322
6620
6570
7919
7444
1361
2957
7901
1446
2306
1979
4066
917
3299
3645
7064
1970
4962
3726
6717
430
227
5152
181
1596
1756
1470
6733
2226
4107
5943
2763
6185
8173
7055
1197
3215
1432
3216
579
3806
3578
1276
3133
2529
759
4408
865
24
2758
2098
7367
2404
118
6858
4293
6541
8032
4410
5493
4007
1491
558
4764
3478
765
6000
7363
4645
5100
5386
3942
3177
6329
610
7116
300
6526
1182
4291
3946
6658
2000
4050
2039
1789
918
6395
1787
690
3494
6535
6427
3469
5639
4364
7822
388
89
7358
3834
5541
5686
8133
316
7619
4477
3266
6551
3153
1377
2084
4129
3784
2829
2953
5183
3557
6939
909
797
3822
2613
4823
4953
2745
898
3155
16
5555
6066
3430
4190
994
819
547
3543
7795
1320
518
4541
7048
5706
2759
1590
5056
3765
5906
6959
2092
6623
5405
1220
5348
5447
5456
333
6768
1378
2448
614
4585
7319
6591
4858
7365
897
1507
7903
1481
5457
1065
6222
853
508
4627
7913
7110
2516
7427
1366
4152
517
678
5344
6813
6777
2665
6527
22
7018
4806
3322
4544
5899
4224
7625
1105
3577
1714
5588
8150
2755
5816
5176
3114
8134
7982
1027
5514
1907
1003
6279
4855
310
7920
4255
3405
215
6175
1210
6533
1918
6568
231
5429
5213
5304
6645
5310
8117
8122
3863
6970
1951
6562
389
2657
6129
4644
2450
2899
410
2566
121
3328
7329
6933
7385
5027
4430
251
4177
617
1388
2750
4309
6280
3149
4879
6580
3264
7775
1088
7505
580
5768
1592
7882
92
1565
1889
743
3179
71
6809
2321
7812
4565
5985
1211
3711
2981
5660
6720
8176
2219
5400
1961
6053
197
1591
1911
462
81
2351
1283
4095
1816
7227
6744
4801
5761
1817
390
1834
3093
6328
7334
403
7873
6949
2948
1996
6953
2898
656
1738
3517
5680
1303
1559
5802
2837
6632
825
4128
4159
4259
5290
1060
3220
3411
641
3397
2343
5696
4405
236
4229
1166
714
4235
4424
5269
4419
237
3090
6146
7564
8104
4327
4307
1541
4602
2319
3206
6100
1089
3925
5488
4672
2688
4033
1702
3528
1631
3416
1271
4669
7338
8126
4467
3620
3982
3344
520
1613
1500
4813
3573
1258
2275
598
6880
6082
6362
66
6679
2530
936
4891
4172
7536
5648
1186
5807
7119
3849
3623
4701
3210
3600
2970
4240
2959
6546
2685
1516
6465
58
6245
3418
4151
2085
4769
317
964
4895
1496
2324
301
4494
7460
1091
7897
2375
2323
613
7347
7789
7984
4003
773
1983
2398
4532
5137
7275
1490
4618
7593
5174
2771
2802
7565
411
4638
7911
351
1926
7921
1698
2344
1762
7986
6396
6262
3347
7300
2390
2316
1924
4991
6025
4074
2303
4860
1354
3526
5843
3660
1742
2606
2414
5657
6477
7318
6583
6677
1440
1571
691
368
7034
6271
3721
2512
5197
7974
5559
5329
415
3920
4288
4864
3445
3725
3410
3845
5090
4043
1799
6380
6242
7072
502
7314
1980
7754
7200
3396
781
1936
3116
3584
1648
7462
4508
4009
29
3569
2004
111
3735
1726
2599
7259
242
7624
7282
6130
6914
8068
2472
4903
5448
6995
3053
5799
6456
3625
1582
366
4469
4912
7212
3963
2547
4347
343
664
6556
2202
4136
5897
6230
4359
1066
7049
7209
3585
6517
3420
3022
6423
341
1120
8047
3643
1548
2235
5417
5106
4332
7781
3119
4221
7879
2447
5249
505
1920
6204
3903
3664
3089
2193
5515
6257
3918
6903
8080
6159
7655
5261
4513
662
3293
1930
1222
3048
4388
2930
542
6958
1000
3846
7829
5991
3473
3618
3314
2545
6248
6615
2236
5878
754
2459
8096
221
4292
5764
7755
5604
1747
4821
2372
945
1340
1416
7981
5720
2176
1502
6567
6968
6221
240
4807
2624
6638
3223
60
4200
2618
3151
5166
6307
2850
436
5592
1161
6361
1462
8033
1224
1253
7108
2185
5691
2743
908
1988
581
384
3641
6908
2712
5231
309
7644
8041
35
1772
6986
6671
6083
8005
5579
4851
522
5728
3712
6223
5642
3226
1657
6116
2345
1585
1908
529
6417
5272
6836
824
7788
7053
849
1622
4985
4763
863
1971
379
856
2869
3613
6360
2500
7355
4581
703
3608
4158
4840
2697
7230
4355
6339
1023
3331
1720
4169
2298
2462
3481
1528
2011
3888
1903
2251
8029
4836
392
6604
1767
3172
2288
6648
5837
1664
7326
2805
2654
6966
495
5970
6849
7930
3595
3753
5150
5498
992
3234
3492
4756
3442
3820
3504
1402
7750
3690
5678
1215
3689
6246
131
7344
7054
3183
3050
5353
5185
6348
3718
1015
472
5983
5104
1384
544
1103
5953
7476
5662
2099
7313
4266
1467
6802
5256
4848
459
6281
8077
7502
5162
5263
385
5916
6479
5534
5885
51
4179
164
3960
7378
6652
1619
568
127
6751
6636
1849
6866
1643
1642
4300
2718
8009
2479
565
2215
3764
6091
6161
1064
7531
2804
5726
2415
6105
4086
1618
1201
2976
5528
5494
5265
2851
7762
6878
4454
3987
6870
870
4167
3488
931
4163
6133
723
1187
5335
3450
3773
6561
1779
102
2133
966
4582
2373
745
34
8149
7286
1606
7957
4493
7713
6900
6199
1764
854
2046
4209
6912
4398
1414
1227
8069
5572
1290
4631
5774
15
1796
8078
3366
7587
5048
6736
62
5735
6882
1893
5293
2943
3512
5632
8006
2658
5234
4187
4166
6616
2655
8026
653
7422
7070
3915
6081
2776
6593
4111
798
7173
5008
7711
7519
326
7014
4681
1078
7099
2256
2339
3582
4590
3388
7681
5432
5611
4349
1262
1616
7130
5490
336
4383
5743
2583
1125
7716
5717
603
6267
2142
7724
6039
249
5711
1054
5446
6220
6127
6538
6886
4610
7415
2134
53
8190
559
7026
8178
8025
2540
7159
7199
5517
1707
7736
4180
4471
315
5171
7080
4452
1697
6241
177
7776
857
7260
4100
4856
1935
3819
2503
941
8082
328
4461
803
3069
2995
6132
1984
3926
2794
5294
4064
1678
3482
6748
6299
3993
4484
1573
4815
1995
3673
4725
4888
915
1595
6188
5170
4249
1952
1826
3126
3147
4637
7927
554
6691
473
1941
693
2196
4207
4597
2240
7540
2136
7359
1083
780
3113
1887
7694
6229
7621
2614
1986
4171
6359
841
5909
3750
453
6276
3477
6991
3251
1468
7255
3038
2622
597
7902
4677
7155
2114
1397
8114
2456
1780
4866
7971
535
2565
355
5383
3356
8003
4285
2856
5881
1251
4542
2366
3587
6365
7089
4847
5640
632
5603
2798
7058
7181
7772
3694
661
4520
1212
4097
7238
3589
926
5461
8023
5582
187
6027
2013
2949
4070
6815
5311
6542
8177
6070
5994
6015
1474
3284
4579
1070
7548
6676
2708
7229
3792
2676
567
3447
6402
2041
1610
7214
6356
1725
2919
5354
4994
110
5394
7258
3195
2346
2249
772
7032
8043
298
4122
2125
2731
363
3988
3687
913
1488
6364
1098
440
7479
2113
727
6818
4820
5981
3044
3593
7345
7815
6330
1829
2952
5955
6854
7925
3263
2762
5337
6284
1519
733
4897
2577
6891
8099
3409
3441
739
4146
620
7933
1711
5328
1020
6771
6295
2204
6486
3152
2709
905
4161
4857
3031
7091
6404
5812
3733
4284
6008
3870
6981
2846
6128
2417
3906
8144
2201
782
444
3087
5734
3758
2334
5502
3218
7420
7699
1676
5732
1043
7361
2834
101
5163
764
274
1527
4884
4082
4321
5289
2329
6672
5325
1675
1203
3944
6776
688
7720
3975
1883
602
4973
2034
6559
5280
6712
3390
3084
1843
2271
2955
4910
218
2445
2178
4354
6345
1404
4036
1252
159
5391
1723
8039
7132
4012
4733
2053
8103
5973
7406
7134
599
2818
1743
5260
123
2945
3278
6086
1761
4692
5274
503
6153
2200
2586
8040
1802
2830
4935
1069
7029
6773
1719
7808
4358
3187
7635
7790
1966
1476
1477
5919
1909
816
44
2570
4065
6649
5021
7626
2719
7613
6847
1492
5273
5839
3257
5195
6334
6478
3167
3018
1430
7523
4360
4440
3635
7574
4018
7150
397
6413
1299
2385
2831
4378
1645
2965
5872
4822
6742
4553
3068
5531
312
3518
2864
305
2107
3004
1523
1288
1684
7204
36
6940
4724
1140
1419
5205
3714
1615
2858
4732
5379
6108
5989
683
5921
6256
4353
2680
3947
876
8021
8116
4781
5965
3723
6441
3843
2872
5510
8084
7008
4389
4328
4222
1239
1766
2012
4967
5124
391
3611
418
4782
5937
4058
7399
6879
8048
272
6820
815
6254
631
3292
5445
3809
1836
7458
2358
1302
2477
1100
5800
2925
1108
7453
2909
6643
1310
2047
3327
5492
377
185
7806
2274
7630
141
4
1152
5154
5758
3868
