234
31
146
179
37
150
252
56
227
44
237
188
99
165
51
217
26
278
305
144
220
126
61
139
148
295
182
89
12
130
98
24
45
69
261
93
248
279
184
158
138
216
171
193
92
39
111
208
153
214
244
53
122
42
162
123
187
225
195
96
147
296
200
212
194
6
7
186
97
159
292
0
298
249
168
35
94
277
205
15
291
257
306
183
178
40
115
14
192
211
19
284
29
294
304
33
79
175
11
164
142
100
80
167
66
259
4
264
206
74
301
299
17
18
265
272
196
218
285
233
197
57
91
204
281
23
163
243
203
262
106
103
114
199
250
253
260
286
16
73
20
198
190
85
84
8
300
63
75
242
32
245
132
251
128
60
209
275
101
109
172
10
240
105
47
43
224
30
102
119
72
22
270
283
157
141
77
50
113
274
68
191
83
202
143
201
25
246
268
65
90
239
231
49
280
282
41
269
160
36
207
95
267
124
176
174
238
9
110
169
173
120
303
64
54
137
133
70
266
307
288
1
223
129
210
55
155
166
118
38
76
13
189
108
134
27
213
121
229
215
226
116
112
235
276
104
177
247
127
221
241
151
271
263
34
161
107
2
46
185
140
290
181
180
258
62
273
58
287
228
170
82
131
289
156
254
117
21
219
5
59
81
256
230
145
28
67
222
232
255
236
149
78
52
88
48
152
135
293
86
297
87
125
136
3
71
302
154
