11293
3909
9901
7759
1249
5079
9477
7914
7782
3444
6127
7591
203
10904
8639
8158
2244
1785
8217
11300
9401
10001
11521
6850
1476
5996
436
4103
3184
1649
1800
6961
11370
3185
4787
8242
3512
211
10379
11121
559
7506
1840
9763
2829
9464
11605
1540
96
6781
11582
3114
2477
10334
10125
2187
11575
8547
11221
6482
11414
3645
9748
9383
7366
5113
6986
6407
5464
5448
4426
5219
10303
8988
4267
10332
5685
80
6820
327
4743
52
11318
10860
5445
9443
4778
8432
9760
4851
1100
1453
8535
8429
4367
1023
6690
10684
4061
8555
8173
5831
11708
5804
10562
9649
985
2275
8979
6277
5467
9580
6335
10622
5260
6228
10569
3830
7946
3265
3797
1462
365
6488
8098
9955
2071
11479
2213
2029
9203
3009
2112
7264
6192
564
417
3892
11527
925
7370
5578
8621
6790
6156
10201
660
5851
1975
9560
169
7757
3626
11743
652
4869
7141
5767
8839
11362
11577
6194
5611
1390
1923
2412
11009
330
292
7809
4516
3046
9439
3356
11730
2119
5848
4749
5280
5927
2663
7517
1961
11729
1214
11542
9035
9274
11074
7166
11555
6271
7677
790
9348
10739
9217
3065
3786
1647
10057
8775
11616
4171
3178
6993
9329
8385
5210
1618
7299
1823
1949
7954
4600
2403
6040
5035
6392
10844
2618
11895
7070
2134
3876
1511
4243
849
804
8671
1273
8410
8724
5468
7134
1282
4636
3324
11889
8420
9522
934
1477
3319
9060
2937
2099
8171
10027
8227
7864
7055
10495
6955
4384
1224
5992
5950
3406
9127
6822
5086
6947
10049
1163
6782
9318
3615
10492
7990
4921
11153
2650
6236
7976
1601
4693
5798
2081
9620
2850
6916
3823
366
10467
4107
11677
3566
9209
11042
9427
11068
2494
4700
6504
3969
9802
10335
6461
3642
7795
6867
3238
7470
4709
2842
9519
6984
11415
4429
8155
4072
3061
8456
741
2619
6201
8735
11647
6668
2943
8930
3999
3998
3595
10770
1321
6573
6731
4964
10834
11697
8367
10368
5130
7338
6875
1448
11896
280
5906
7790
5029
8949
6370
1930
11602
9180
53
9470
2287
7573
10384
8676
887
4936
6519
11145
9671
2381
3107
3594
3608
696
6199
10310
5489
9810
208
4723
1063
7052
275
2390
1964
3437
780
2578
3650
6942
11518
246
5457
9634
2900
74
3976
7266
8452
1108
1336
5772
666
2154
9219
2001
2533
10884
10457
5154
1832
5167
196
6393
385
8304
1217
10688
11450
5801
875
10590
7786
5972
6837
11583
6284
9256
7853
2470
3353
5542
5745
2393
7568
6500
7791
6478
8618
10063
2101
2091
5718
3628
3814
10879
5209
2912
1045
1403
31
2646
531
2816
11264
2877
11761
901
8448
3230
10953
3276
5993
4800
8796
2788
10108
6508
11674
9499
1712
9548
2497
6219
7783
8499
7615
4610
3637
4077
8240
5650
7893
4933
8797
10081
11003
11776
9048
996
5800
11330
6006
1585
11659
2998
8190
1698
11497
4598
1486
7734
3605
591
1330
7885
10592
11648
1672
6990
7246
4464
11244
5594
5524
9364
11855
9595
5811
7845
10364
9715
10801
6252
8615
1049
2588
11732
5668
4089
11689
311
2499
11718
10110
28
5177
509
3301
1746
6023
6906
5785
3996
10166
10487
11888
1920
7754
6521
8229
9092
16
4012
10074
6147
3139
7174
3564
3152
2945
8738
6759
4831
5904
4172
3878
8989
5659
6343
11868
257
1633
7653
6287
4689
10195
9662
7705
7288
7601
6697
11770
1883
10472
10799
7429
3789
8461
1603
637
11369
8031
3803
301
10040
9637
4820
4894
2207
6919
4028
6493
8667
6177
10356
237
6190
6233
3574
6893
8613
11407
22
7940
4797
11043
3869
6064
10788
249
2011
4681
9520
4082
1780
4873
5101
5271
2794
11119
9771
882
11567
2022
11755
5652
10583
9639
7582
10551
6263
2603
3919
9463
9074
10015
4147
3855
139
10274
241
10970
10723
8942
4319
7083
2349
11739
1076
9505
4999
4200
506
4876
11263
1292
1012
5019
5247
2824
11017
10560
1430
7116
9840
1852
11138
8386
4826
2754
4852
851
1161
10654
5184
8373
7235
5647
9591
8263
6703
3906
871
6615
1498
11409
2689
9986
587
9044
2171
3598
8514
2113
11233
5642
3788
3767
11029
8911
9007
9756
6142
11151
8550
2087
7799
11726
5562
1956
390
7857
7238
9513
2666
7821
8029
114
1775
423
4825
5333
7225
358
3848
6356
5133
6572
446
10950
843
4682
8040
5190
8423
2468
6278
9898
3458
7681
10964
3401
2534
8235
7941
4414
6657
3588
7005
626
103
3389
10018
5498
8610
1130
11413
8317
1952
11597
7479
11706
4086
11035
9507
11512
11319
6506
8046
7670
11740
11175
9699
10682
10695
2674
9952
9768
4421
3790
293
10803
6216
4177
860
5202
8952
11046
4948
4967
90
9515
8971
478
7485
1609
717
2999
11635
10922
57
3697
9751
10145
5371
6688
5536
5411
822
9579
6666
729
370
10076
5780
5854
3720
5879
2195
6525
2034
4457
2114
2914
1159
7710
1028
3951
10645
11685
5326
648
7967
11186
6213
2737
4649
5631
11240
3990
6722
6883
5487
3249
6249
3511
1139
2446
6097
2359
3646
7280
524
6763
7779
11163
11863
2851
5296
10734
6803
742
2423
3660
4443
10245
1969
3836
10404
2010
10865
11656
1250
6708
11752
11823
3580
2804
1256
7884
4390
2890
9741
9667
8102
8598
9511
5883
7511
6912
8506
9403
3052
1360
6200
2820
10262
8905
1311
5376
5799
8231
5162
4630
3779
827
10767
2013
6437
11456
7875
4187
11870
10670
3140
6776
9805
614
6326
6052
4179
9568
11327
6130
7304
2216
6684
42
11217
7384
4756
4412
434
5733
5394
9240
7603
5301
318
4554
7540
2989
6631
6296
9466
854
6586
3585
260
9253
2056
512
3081
11083
4370
7895
7499
9185
11861
1405
1502
2720
4970
10830
6514
1270
10144
9828
578
9656
11308
4849
9149
4582
1950
3072
4252
4297
4296
7069
9245
2474
7553
401
9807
9207
989
4506
10717
4025
9307
2483
3307
9298
3558
800
183
9839
10877
3010
10566
3286
3024
5176
7014
9405
7202
11094
8211
9313
5413
498
2939
1701
8593
4059
8813
4546
5609
4265
5281
3029
7664
1821
607
6153
10053
4246
181
3681
11922
4551
10225
7029
7565
110
550
11489
7321
2098
3194
2204
9252
7453
1917
5857
11215
10872
2396
8108
9366
5875
7924
1862
5663
6260
4718
1408
3649
6642
10663
9027
11906
9644
8454
1781
5510
9362
5166
5237
5289
11142
6566
10360
9959
448
7528
1580
144
11190
3174
1528
9685
1104
6087
8841
10329
9283
3485
11811
10859
6113
9143
3280
9218
6171
10054
2514
7261
7838
5691
19
2637
5038
4068
9005
8834
11417
6122
5961
10369
4870
10632
9375
7604
8388
10528
3387
5592
8522
2200
11588
646
11459
585
3310
2941
2402
9173
4947
7704
6295
3393
63
460
10474
10641
9137
3051
3071
5637
11463
5584
6021
371
3348
9518
9279
8717
3328
5003
2025
2933
200
1096
137
3279
5856
2746
2108
2602
3718
1645
88
1331
1737
3962
11842
4327
3712
7310
9934
8747
2768
3431
10706
6371
11195
8733
1816
5037
1638
2224
5895
1916
7671
5689
45
2411
6360
4216
11084
6752
3669
3917
10854
9504
459
8493
1210
11671
7650
9571
8243
10787
9704
10743
2415
7593
10178
3550
11753
6477
8036
9361
2734
10541
7419
64
3721
5407
10060
1678
2416
177
11372
7307
8991
2698
9041
10097
6397
9282
10327
10919
10755
3724
10257
4776
9053
6037
7085
7815
11394
11403
2849
8788
9926
11464
2636
1142
1291
3583
5084
2612
8265
1134
3414
5354
1610
3606
8793
2795
7691
7655
6806
5493
7613
10124
8726
7097
900
7380
4912
9263
2962
605
5852
1375
9357
4160
5438
8267
4070
5005
2716
5321
1183
11102
6024
7958
8104
6675
228
9059
10814
9895
8306
1490
7987
3577
3826
647
7938
5790
8394
9095
4277
4149
6805
5120
6813
10637
4058
5560
2598
3041
8866
556
5669
6954
1121
1813
2567
5698
1266
4021
11758
10224
9594
8578
5044
2982
11276
11033
4667
6538
3916
212
11315
2563
2238
8948
4549
9087
8057
4167
2676
8491
6576
1790
10061
2015
1148
593
2815
9606
6089
267
1976
5563
1664
2481
2246
10103
5603
7583
3825
7728
8401
10069
2462
8487
6917
5004
2353
921
3059
5364
6721
1870
7920
3539
11490
5607
5737
2805
4239
9371
462
6301
5081
6769
3625
8206
8016
9781
11112
5471
10709
5474
4520
8694
10041
8225
1364
3055
9033
6704
1455
8865
3827
17
10022
86
4697
1411
5194
4823
2917
11903
11849
11891
5579
9985
9444
8408
11621
1451
7828
1315
7698
7080
5112
3937
719
10377
1449
8591
11061
1584
5136
5069
8938
3866
8746
11904
5773
3023
8490
6864
10978
369
5075
4174
4784
6143
11901
3792
1713
8669
10312
9292
7450
5987
9859
5091
6154
2268
8729
6509
3532
1170
7707
8651
11545
9198
5402
8035
9460
11432
1418
8513
3143
7714
10745
5712
7793
6471
9681
1966
5460
2733
10588
4399
8486
7195
11431
3028
9744
5063
11265
3722
1353
8891
623
11141
8953
751
11780
10939
11900
1531
2616
1703
2741
2735
1765
6520
4589
8093
8346
9066
10973
3673
8660
214
2370
466
3947
11187
3972
10683
8686
338
8879
7621
9194
594
1382
1681
1423
2311
11724
10306
3861
9615
126
6511
11523
862
6853
4557
11817
8065
10143
8194
9551
8084
7743
8127
7721
10468
9275
562
1998
8725
5336
6863
779
4808
11196
10911
6662
8091
8050
497
576
179
9625
5789
1153
1968
7756
7
1443
7159
6331
7840
8888
823
5796
5569
7287
5639
9330
2915
1596
10055
91
9939
1545
5682
10790
10226
1777
428
6001
676
7053
11520
7555
10380
34
10832
8811
6522
6448
10402
1435
1410
8003
2417
3455
11748
6273
11154
6031
768
1310
3894
11907
7826
11926
7908
7731
5315
5695
10662
7531
6965
7814
3777
3397
11798
10635
9874
4975
5617
970
399
7047
174
10979
3864
1820
3519
9935
3862
3336
4532
7843
4303
9806
880
8933
4110
8626
11462
11746
5708
2107
8356
5979
5412
3632
2865
1549
9154
4738
3824
5082
9624
11214
7471
6618
2333
874
2292
7227
8365
5335
4932
7403
1244
1946
972
8237
7177
9199
2834
9846
7690
2846
7342
10219
981
10235
9273
188
8544
4260
6073
8612
3198
10647
11816
762
3537
3469
5424
6166
3375
8697
8570
9122
10048
8924
11014
11172
1033
7784
8390
3359
2605
4190
3323
5657
8070
9796
5183
1918
11607
1653
7461
11278
1675
4393
2589
4746
2511
1367
9853
7167
10584
11731
1379
9085
4846
4710
5410
11522
6054
10580
204
9222
8163
10394
9448
9285
3133
10280
1983
8150
6184
10239
11722
940
2556
3651
297
8760
8597
2991
6693
4877
8293
658
4644
8169
1673
3616
11589
9881
11363
6997
7936
7336
5869
8790
8198
1679
472
6119
10179
2335
2628
782
1354
4885
4887
6463
3045
4631
4015
9373
3224
9508
2973
8904
5117
6686
9355
894
9713
3889
10997
7268
10848
7293
6042
4792
1577
8166
231
2901
8668
7001
5777
4848
8286
10906
2309
6472
839
147
8761
7995
9736
1056
6653
447
1180
4555
2819
7930
3895
4923
10689
9586
2641
8962
7888
8564
4373
6445
6699
283
7505
3466
9831
1943
2876
10314
6412
1398
11923
2153
11858
2190
5353
3627
3404
1307
4435
3236
5692
2882
5265
5380
7932
10625
5435
8436
3337
6617
9391
6779
11494
6757
8558
9228
2231
5018
10315
8607
3898
6814
3473
5540
4915
4098
8679
11085
4218
5770
1967
5119
11886
154
3676
5128
4064
2953
10646
11594
4006
10236
3617
8021
7871
9334
3150
7869
4941
8776
9957
1632
1447
1527
7315
1921
8374
3936
8943
11828
6558
1929
1176
2180
9808
7109
7475
4940
10573
4440
8883
253
10917
11668
5643
3548
6828
7488
11846
1245
7110
5059
3828
8820
5991
5307
5925
10824
4720
10406
6512
11483
10411
561
10319
11437
7286
5725
11830
3278
7645
4306
9211
6455
3842
7355
2512
8105
8181
1655
5921
767
425
3741
2142
1168
6627
11667
2241
142
11038
8741
10598
3546
3896
8380
4076
8526
5847
11788
10700
3835
10285
1091
4329
8421
9492
5152
1010
1196
6735
1538
8216
9718
5714
3800
2751
8004
7680
11430
7017
8269
3689
8170
1817
9262
3407
5537
8715
2680
11862
1741
6646
5092
10605
6866
846
9641
1926
4865
4599
10900
2447
5348
4819
7715
4918
3781
5983
1265
7820
9790
11125
6659
11609
1326
9563
5223
2888
6983
6245
1705
10811
10031
8062
1172
5566
5249
4413
2361
9434
3816
8745
10183
5109
5392
6885
4629
2687
10340
7087
8617
4950
10704
1774
4439
2276
3844
8629
5256
6358
10294
2214
9660
7781
2797
9018
9299
9653
7186
5040
4968
2740
8814
820
363
2967
1772
9523
8068
7951
7739
199
4568
10132
10328
5097
10180
11568
11018
8418
10943
3888
11485
2525
7408
1599
2298
8732
8252
10721
8472
1854
7618
9082
6446
11541
6655
10630
5595
8018
3191
4926
3920
1838
834
9024
3187
5200
3334
11871
11194
9351
10751
4962
5014
6736
4843
1114
10346
8090
5726
5994
373
5779
10935
980
9950
5298
1034
8845
2596
4574
10780
8770
529
852
4621
10535
7347
314
3994
10863
10011
10489
10249
11532
6270
7448
9453
6910
2506
662
2026
1890
2764
2951
8250
632
3899
1277
1825
8210
1845
1764
5768
11848
9876
3295
859
8424
6716
303
2106
1203
4394
10643
7810
5871
3536
350
1441
9779
863
316
5709
2972
5976
3853
2521
2209
11004
1634
9841
7662
6088
9711
7771
1348
8042
120
2196
11339
3481
5291
7390
539
645
3019
6843
2170
9183
8092
8603
335
8088
5226
1230
8630
9503
4199
7915
4955
6723
5561
11892
7722
2583
7324
8853
571
956
2881
3216
9848
8463
2906
11877
11193
1343
3134
7383
7876
10520
7311
6205
6894
1080
8614
840
5586
2158
10469
6687
11834
6577
9902
961
4515
8256
164
9588
11561
4824
9195
8817
11701
1280
3118
10429
8831
3402
3841
740
11052
5393
2979
11242
11321
3531
5083
4351
3881
7314
4655
475
3352
8847
7785
4486
2761
5544
904
7252
5250
2047
6730
6760
792
5396
9144
9675
3949
7829
1031
9269
6062
2709
5239
4618
6457
8805
2463
6051
8880
9248
10626
2643
7012
9866
2977
7872
8787
3452
5382
518
3232
3675
9138
5051
7656
2634
1093
11449
41
71
10561
5735
270
4253
11551
10839
5606
1487
5845
11388
9611
8782
9679
9903
11295
7375
10021
6784
8083
3358
2441
3120
889
11651
8266
2964
10857
8739
7516
2840
10336
5131
8976
10692
9851
2458
5502
7301
3908
8239
11737
4233
7103
5216
2997
9573
7561
844
520
8780
3821
9312
1474
9811
299
10661
11511
8728
7902
3223
1436
3579
1258
698
8213
10724
11020
3366
6381
5490
9954
1683
2085
165
1289
1938
11620
5016
11182
11790
606
1611
8940
6802
5885
6294
2352
3413
9315
1913
6638
11572
5995
5552
6
1657
7861
6630
3683
604
7711
8383
11736
464
7667
9367
8024
4626
4957
4271
6698
6114
4780
3007
9608
10982
1065
9278
3505
1461
2957
10301
9927
46
1345
9963
6871
937
5049
10795
8640
2629
538
11100
6162
4669
966
336
11893
1547
10653
3933
3769
2072
6202
3377
4400
11482
3639
5666
6384
7638
9600
8606
8975
7901
5235
9322
4
10667
2260
536
7966
4635
6350
4509
10735
10483
589
5386
11699
6565
9772
8039
7164
9259
5147
6815
7397
6093
8894
4927
9650
7684
4726
5949
8392
8165
6220
1880
2907
397
9496
9128
8196
9987
9363
2184
3151
11491
3838
6207
10447
10894
411
7406
3674
8754
6654
5142
5395
9287
1993
2678
7570
10033
912
2284
1053
8204
5318
1095
9803
3070
8695
10432
1206
10363
9619
8455
7091
171
7543
3644
9590
6405
9446
2023
7536
1614
11157
1686
4866
4837
9878
11272
1839
8832
8023
8916
4298
9856
8900
3284
8730
5027
1985
10612
2169
11550
1073
6388
5233
5420
11930
1042
6255
3101
4238
1876
7609
10510
5360
3420
1173
6363
3494
11591
10851
3129
602
11805
10707
3290
10039
1417
9478
6068
4206
11875
11279
4646
806
7214
11028
928
1787
10350
11856
9488
2608
6564
1900
9182
445
1151
3597
3568
9799
10992
93
2172
8027
6553
791
4980
9494
10077
3229
11108
3755
11910
5591
10855
9054
4372
9824
6333
4850
2314
4591
3482
1786
7959
9658
8737
39
1439
2048
982
4009
869
4773
9118
7281
3930
9311
5756
5193
6634
4379
5817
3421
10283
1866
2018
7236
4861
10975
2714
7608
10914
5717
3506
3343
9498
9408
6505
450
11373
4632
2019
1288
10210
718
8774
8944
6214
8543
1756
11282
11808
5658
9237
7665
5267
7009
1661
135
4138
10012
9288
1579
2059
8751
407
2791
2407
5936
5501
8681
6410
1356
9204
5701
7777
3062
339
6840
7600
3012
2695
4292
1912
9365
1174
11390
5821
1482
4736
7562
7379
9668
11486
11481
7007
8305
7019
7620
457
11587
9727
1026
11470
8236
2510
1928
1166
4308
1107
1708
461
7515
2675
9208
5304
9196
149
1061
1841
5262
9380
11383
4988
9244
1429
5340
7106
5358
8253
3318
8411
4217
725
1335
3370
691
6619
1019
250
10497
10267
9502
5217
2301
9139
9039
9068
11044
5459
9126
8073
5638
7449
10708
11290
3621
4640
5791
7909
6111
1216
3882
9420
1626
11305
4619
4166
5653
7056
6175
10142
4157
1871
8711
4410
3025
9102
8559
4002
9919
6406
3567
5344
9490
4853
795
1652
11887
7325
9670
794
3528
9158
4358
9544
5526
8248
4361
6341
416
10452
1936
10004
2985
8511
8750
3948
9097
2452
9552
6487
10899
3520
8712
8209
8810
11643
10822
9376
5919
4583
8340
7868
5704
7577
4875
10821
11199
9941
388
5636
2758
5696
5670
11639
866
11466
1059
6549
8097
2212
10888
3423
1092
8556
8153
59
1002
8967
3773
8398
2818
5656
3758
4840
2950
10671
1833
4338
1635
5252
1802
6886
2394
2442
9452
455
10140
1570
2585
5279
11149
8672
5108
5258
6239
6302
4183
2030
1005
5530
6740
3635
2809
11131
3804
3338
8541
9693
8328
6609
10962
3044
1984
7140
11082
307
3367
6616
8214
7223
4759
9098
284
2308
9599
10188
3148
3618
7072
935
11307
2823
8301
9162
11032
6081
236
109
8978
3748
2272
986
5671
1081
11781
10898
5934
6895
3702
787
9473
2926
8131
10189
8742
8344
558
4771
11821
6546
7435
3263
11768
11530
5908
5331
9090
8280
9614
1006
2014
2337
7811
5470
1495
3524
2232
5769
11531
7652
7417
11704
815
7524
8087
3496
4946
8705
9976
1299
3995
9168
9845
10428
3701
343
8928
2749
3961
7218
6923
5288
7353
939
3560
11440
382
6826
1409
11515
8133
4934
911
532
5828
7597
6963
2965
3311
6575
5752
3612
10111
1272
2590
1318
3368
2732
116
5616
6778
9879
10582
6957
3515
10037
4481
910
11253
9486
2922
941
2704
11297
3405
1581
10032
9528
4240
10550
7409
8322
5826
430
6323
6173
9893
3591
3907
4037
4928
7045
368
5546
9702
3335
584
9572
7874
2971
6103
3342
11087
9570
7859
3728
4184
9419
2088
2489
3228
9972
10845
8311
9070
5973
4547
3360
10405
1563
1748
5146
5867
7606
11496
10232
1199
8067
130
1688
9783
9826
6250
11598
772
3254
10071
10434
2225
4713
1934
10921
2923
6611
7661
581
3802
2496
1931
3320
3738
3478
6110
3659
4047
9449
983
6436
3083
9657
4593
1619
5311
9664
2562
1901
3965
9119
2498
10153
8327
2500
8850
2472
5750
10023
10905
7203
10937
2760
6559
2305
7198
3960
442
6973
8435
7343
11262
2919
10118
6701
1150
7748
5089
9215
10286
5711
7905
10806
3739
4204
3422
9295
10555
7825
9558
6473
2044
8766
897
5892
1260
5587
1795
11203
5359
1548
10137
3561
9510
4641
1573
808
11915
8779
8123
8484
3463
3578
4245
7015
10960
8538
6876
8437
6950
7574
4651
11472
11619
8335
4449
2892
8012
6981
5990
1342
11088
9907
2080
9417
861
3760
4205
6424
4616
1204
723
4128
3403
6898
8827
2095
4182
6191
11634
3100
5615
2157
56
5859
10292
10223
8137
3383
8063
11106
11366
2838
3729
4223
2718
6694
9629
3315
4691
8659
8223
5104
5813
7120
9975
9646
608
8855
5814
6915
1393
4694
9602
2146
8303
404
8512
11302
4477
7700
10167
5204
5862
6922
11611
11714
10677
5391
2490
4114
11118
2257
2936
6342
8970
9686
1608
7765
7803
9597
10348
7127
10802
10581
11129
3860
11593
1064
7422
2126
4862
2143
10295
7556
9212
3772
8799
2752
5911
8221
99
1419
198
4244
1516
11566
2074
3450
3219
9484
3138
8291
3709
3956
3677
6797
9716
11622
11165
7776
1624
3082
11747
7413
3793
9393
8637
2597
8079
8635
5514
4005
11057
2466
8634
7566
1406
4764
6039
4030
9093
146
13
2421
10817
4622
4054
5398
5320
6102
10564
9160
10870
5672
4489
7411
1606
10998
6620
5931
6168
11405
1869
6928
349
1595
8416
7207
6645
11857
8862
4074
11604
2083
10150
2509
4472
8783
7086
2326
11016
1041
2250
8969
5121
2476
1806
1861
3435
8907
847
2075
8381
3461
6078
4898
3067
6485
4237
5272
5746
3049
6932
6182
220
7152
7693
1132
4131
1156
5328
1586
271
10173
10276
6691
4748
2024
11929
8207
6234
11509
4133
3292
2771
7376
2577
242
9622
3756
5618
7454
8148
5523
7004
7732
6120
6729
11853
5229
1325
2454
8349
6319
2743
10259
6900
6450
6499
10526
704
8467
1520
4364
8915
2564
10067
1394
6439
6678
3329
11680
3535
5728
89
931
2389
10296
10658
4345
5543
3351
2543
3001
7904
7436
11638
5443
2168
4210
747
6939
11375
5329
5700
9132
11022
9272
6070
5116
7258
5025
10494
10007
4397
167
1667
5110
5596
7404
2457
7472
3611
3182
9642
11869
1136
6601
11211
3076
3388
1426
9708
5888
11219
10321
1397
2857
1636
10565
2855
10738
5915
3135
3901
8992
10678
10177
2864
4677
7554
4067
3321
1725
11578
4023
11477
4437
7369
3183
848
665
6598
5034
11056
953
5577
1412
453
3003
9877
9865
10169
3428
3480
8002
8176
3097
10171
8768
11443
9423
7038
7079
8871
8485
11625
7090
9455
7649
5860
9400
2408
8887
11772
6672
4262
1991
1334
10304
9997
7849
11086
4945
3457
5898
9541
5930
151
2874
1670
6791
3685
4513
6059
3663
11911
6605
11127
5001
2777
2069
6529
10127
4822
528
10620
9117
234
10530
1905
9258
1007
5558
7551
6733
9134
1048
11925
4135
7804
8619
8552
7131
3974
4422
8457
2401
6943
3272
11455
4163
2118
1797
3201
4450
10701
7683
4558
1147
7173
8688
8033
7418
9557
701
3997
3128
5046
3837
9710
9265
479
1776
9795
8007
8458
1037
6884
8704
10403
1129
11249
4878
3345
621
6683
4755
8641
2061
6812
11574
2186
4879
3991
6312
11030
2557
4741
6349
9871
10095
6818
8918
511
6909
1178
1567
1801
988
2032
11725
232
7999
2757
8605
9980
10025
4963
3322
7648
9045
6158
2770
650
4273
4762
243
11036
10426
36
2635
115
1629
11807
1735
2122
9964
8876
8048
1807
1671
11570
3640
8869
11484
2409
341
8192
6387
1460
1416
692
2021
6926
2856
11601
3733
8537
5026
7256
2424
10385
7863
9680
10681
4073
11715
1067
9728
7037
10185
5355
11796
1514
3248
6869
9829
3924
10575
10287
4134
1513
1782
5195
6533
3556
9651
3325
1319
3746
11139
2610
263
3978
4060
7636
11845
1589
2594
4261
661
5408
1445
856
11392
6827
7231
9069
3905
2366
277
3970
3710
680
6165
6238
2432
7368
4465
5274
4584
9968
3522
6970
7298
6002
4402
5314
1843
8716
11037
10980
7918
10871
4121
3941
1974
9103
7441
5170
4288
8159
4731
5945
4959
6456
1225
4193
11710
8396
11931
9170
5205
3897
10456
6935
11632
8371
1133
553
9151
11095
11424
312
746
5330
357
868
11885
9564
8049
452
4791
5300
2233
552
5243
628
2100
364
7423
1169
1684
8059
11015
10205
519
5043
8043
8261
2717
6810
4924
8103
5713
7201
4026
1902
6150
11228
4407
5492
8017
7969
2724
8143
10613
3305
7385
9818
8071
885
1043
11612
6218
11411
9683
2386
7769
8489
909
6607
10059
764
5504
8822
5943
6475
7538
10760
10353
11508
7539
9709
4453
10438
178
4143
2055
947
7687
4564
4376
1018
10686
3883
1919
7842
2264
102
8706
2369
11288
1011
5757
4281
9897
7512
11918
1850
10579
8492
10693
9297
4548
9918
993
943
227
10002
4601
4897
8963
2028
10099
6966
133
9542
4913
3714
3018
5137
8515
2042
11874
566
2983
1507
1152
6402
5863
2090
8257
6372
5125
1316
7841
9731
1338
8466
10252
9467
11526
3526
8228
2711
4336
4711
9555
10629
10358
598
4104
3155
8803
5680
994
2491
1359
7426
8654
2089
7352
7410
3559
7663
9303
4356
4517
5182
2155
9461
4911
1029
1039
3448
9155
778
10488
7822
6416
5269
4984
8878
3696
11342
6953
5986
4469
5684
5145
3847
7775
2461
11323
11185
7077
10783
3241
1521
11763
4507
9221
521
2992
3425
5942
3501
6560
4534
4886
4010
896
8022
3073
4594
3877
4971
9197
9396
11827
11815
393
10168
7257
1830
5085
3928
10214
8951
730
3633
10430
377
7259
193
8316
1110
659
3665
7948
5168
4221
7589
510
10571
11173
2697
9121
7899
773
5890
11564
381
421
4900
29
5604
8985
2495
4198
3967
2763
6679
1815
9890
9108
2948
2568
4242
6596
5441
5418
2425
5775
557
6974
7592
2566
8177
9317
9501
2832
6310
1604
1297
9757
5248
5427
10810
4357
5403
1888
5506
9340
2785
2502
4751
11252
10126
454
3392
157
3131
3158
734
6700
9577
1750
7098
5923
4991
2960
7919
6991
7216
10008
400
125
5797
2792
4715
8156
5293
10046
347
11122
3682
1221
134
9922
9827
3058
10365
3313
4845
5720
9643
10507
950
8569
9042
7149
8689
7730
3879
11932
3880
9960
4382
11584
11007
226
7550
7295
5731
8341
11178
1612
4287
1722
8245
8909
108
8693
10610
75
1895
8233
3609
2237
1937
2574
7460
8342
3087
150
1242
6780
11741
9789
10165
8714
1197
9021
4910
10974
2942
6430
3291
6574
4236
4256
7363
9665
10367
1874
1973
7642
9145
9730
10003
5673
3563
6507
9832
7023
8395
10217
3958
5605
9696
6604
9908
5749
463
7437
3654
2334
9073
1884
9188
11586
10893
9583
11331
6283
4615
4624
4494
6663
7501
12
5846
2480
10758
2526
3217
51
2742
374
7751
684
5739
9406
6648
4997
5823
2883
1135
9847
3039
10425
3281
8625
2657
122
10951
7753
10218
759
4213
5161
5065
6766
9888
4620
6494
1757
7189
1218
10407
11669
1628
2278
828
8947
4433
3846
543
2808
5644
62
9124
2532
4587
5419
11560
499
9254
1036
7094
958
10508
9755
1467
7522
7955
6674
5188
6561
8058
7367
948
4690
4144
7133
1004
2632
6836
4105
10631
175
11454
10977
121
278
9123
7980
3022
574
8698
5160
9589
9540
7180
7992
3316
6291
4793
7357
4202
3096
5891
4530
11844
2539
5958
3341
3199
10768
7111
3102
8203
5511
1433
2893
1175
11529
10988
1116
10608
2094
8309
7123
9603
10010
8826
1304
2054
5887
4597
920
10005
483
6053
10981
1700
4016
2261
7122
6307
1763
4521
11160
2503
7755
10392
320
3584
10376
10194
2769
5661
11152
9533
2041
205
1947
176
2228
4312
9328
10627
2652
11700
7493
6548
2324
1296
402
10813
11073
10777
1637
7913
3810
7099
4497
4178
1488
3394
6640
10730
2692
9077
5808
8126
7095
5825
11050
6382
48
6308
9534
5132
829
2133
5478
3694
4168
6419
864
5337
8966
4686
1728
1357
11660
6600
9924
9820
1755
6056
7303
3589
38
10538
6951
1922
3193
2984
10722
9231
5015
5874
6833
1886
10618
6743
8483
2648
1187
10091
5368
4868
9267
6852
1644
4541
11002
87
9319
11436
11766
3575
4939
7221
4302
836
5231
4141
9784
7943
7412
4645
1872
2139
10748
1038
5245
6920
11909
1613
11873
2993
4063
8034
1736
11081
4573
7787
888
9813
5215
4498
964
11684
1568
4264
8685
8372
8539
259
10115
1339
11661
8076
8567
7552
8451
10664
10271
10251
4754
9309
4695
4235
9621
4858
2102
6327
1846
5812
11695
902
4145
1508
7114
4752
7118
7036
6069
8292
7469
3865
273
5858
6242
11325
5690
8701
5090
2779
11338
1384
5319
3053
9740
10853
9947
6531
1758
1286
10431
770
9389
8191
8226
11533
9780
4225
7331
4637
11519
6756
5381
11255
9227
8816
5322
3705
4234
7317
10789
7439
4046
7925
3871
2708
1112
586
2254
11188
9392
11379
10505
8881
2322
10462
9943
5765
5078
8937
5000
2410
898
5397
5754
8164
7666
4612
3893
3986
3079
8279
11209
1828
10216
6091
440
389
2475
9159
4022
6230
6725
668
7740
4337
5422
6824
10044
6753
10938
5123
8000
4727
1479
7432
1562
2897
8868
3008
10949
7244
2218
10030
1868
5651
2358
5088
10387
11571
6269
1760
9628
7327
1769
2117
9678
8508
6746
58
5437
9264
6749
752
9937
1035
2916
6246
8771
6014
8892
9578
7544
1903
9992
3690
783
1246
7010
5433
3166
1957
10078
3516
6594
6438
7669
414
5286
3378
10400
9940
1809
3063
7640
5597
0
4466
269
965
1600
6379
2444
66
832
5792
1535
8611
10186
6297
11113
9487
2431
5073
960
6117
4148
3932
6174
10603
945
689
5039
838
5384
4973
9690
8183
1742
1305
6844
2633
9863
11793
9677
2484
1328
5383
1127
6003
3985
2852
4560
8273
8260
5151
6888
6592
7798
905
5998
9316
1424
7576
9787
9378
7644
6902
2545
6530
9293
1711
6367
1182
11167
9135
8175
10342
4563
4638
3005
296
3146
5590
2063
7817
1951
2853
9289
10831
11536
4768
2316
7155
3913
1529
10524
2129
6116
4811
9539
10929
6095
2821
9894
5171
2810
8444
9712
4996
6532
4847
5199
7487
10791
6466
1767
2262
5270
4069
7292
1125
9700
7154
9995
4417
7194
8649
10793
517
1392
10673
11012
5451
9788
6010
2036
394
6664
10147
9456
1803
8488
4692
8653
11359
9324
5339
541
1437
5013
5602
946
11137
5111
7247
3126
6498
8939
10756
1211
1732
7878
3475
4127
4788
5011
2822
643
7844
11636
240
10648
1948
7879
915
8592
5781
11181
1729
501
6345
9191
6490
540
4339
6108
11340
5454
3419
11206
9327
6817
7161
10715
2096
10874
9930
4919
513
669
7273
4627
11759
10638
11803
84
11678
6462
4607
6009
1207
2342
11166
10305
10182
610
1205
9925
3491
10672
2762
7063
4922
10221
5036
9661
2067
3915
4461
2304
631
8178
5532
10633
3527
4716
11613
4482
7622
5974
2862
4785
700
7190
3735
2831
1329
7128
5727
1146
4007
9384
3347
4705
10354
9257
2639
2346
3162
9178
7496
4836
9006
1021
2327
5127
3302
1298
3372
219
8502
6229
4108
8769
7274
6413
916
3027
7452
10546
10504
9286
3636
11618
3374
153
5236
9956
5020
769
11053
2812
9055
2930
573
9792
10636
5955
8405
6469
8323
7998
2230
3454
5535
10442
8495
1489
2002
4473
9100
5062
8919
3806
6279
2841
10256
8479
4685
7558
9167
4212
4976
2227
6750
3427
2658
3975
9765
1016
6315
686
9814
11243
2288
5688
4550
10275
6067
4079
10674
4714
1512
43
7160
9140
2448
793
6975
403
5179
1639
5455
2626
9613
6324
6613
7165
7492
1796
11421
5180
9150
5488
8958
5227
10509
7886
60
9750
1680
7877
11078
7148
8116
8051
2289
10481
4385
5600
4590
3119
7320
5683
4902
6849
6913
2729
9630
10952
1496
1771
3752
285
5234
4017
4224
6373
1719
9654
3493
4899
3433
2550
9268
1027
5290
11260
9414
10519
3753
2784
9165
3124
1468
3502
9582
1915
7229
10908
3471
2192
2615
8129
2825
537
9530
9773
5583
3283
10963
4650
9471
2110
6099
4522
3647
6221
3963
282
10248
2600
4416
11422
2728
3700
4448
10602
8756
8348
9638
582
2830
991
11460
3355
10611
530
4161
3086
11712
7494
1981
10284
2745
9043
8808
5984
8656
8896
4347
6682
4519
1463
2105
4434
1227
9489
10255
7848
9172
6718
5876
10184
306
7020
10129
3218
3103
9432
938
9691
7124
7306
3851
7137
10493
1014
9904
6550
5693
5399
8835
7076
4211
14
180
4833
2920
426
3331
633
11346
6227
4365
2197
9973
9605
1744
9099
5627
1778
2508
11136
4864
4722
8319
3798
2783
6636
11423
2008
4684
7883
487
7643
7978
7637
131
3099
5203
4775
4729
7350
10419
3381
10266
9896
6055
9538
287
1747
3890
3212
10202
11337
8287
2073
4733
5601
3293
6043
1718
11320
10043
7139
1471
10928
10690
3123
4518
9801
7178
1863
4340
7541
1616
4696
1704
5751
8972
9294
722
391
9458
11792
7928
9012
7960
10344
7923
2519
2141
4467
4420
7699
1709
6878
3206
11513
4137
2404
9948
8851
702
9830
4484
9166
5655
7248
9612
5377
10079
4614
4661
5446
1515
11400
8755
7587
9141
5041
9116
11168
6621
4499
5024
5764
1582
926
10685
3030
3955
1607
8384
7285
8585
4698
10441
2946
7761
9860
3750
10174
6484
7846
690
9884
11468
2719
4470
6195
8028
8795
5351
8026
620
3386
1239
1000
7313
10599
3794
3796
9836
9189
4769
2690
10242
8428
10815
7096
6523
9447
4570
11644
2774
7033
4282
6337
8815
1117
4000
667
10250
11774
33
35
10794
6992
6386
10883
6838
6025
4675
11924
4301
1965
761
7457
4828
11691
11309
3314
615
8708
1413
11524
5534
5962
1068
173
9891
302
1550
6809
2630
105
9734
4566
3770
3447
1543
2150
11010
3695
8106
11023
612
6399
7542
11824
10570
6458
5843
9249
7466
1090
10454
10265
1818
2817
7962
9998
2642
2167
6503
7442
4123
5343
9942
5619
10009
8520
2664
9314
2925
11077
4986
11573
7894
11676
7477
9979
4925
4642
825
5434
5122
11317
6321
10805
8854
685
10019
2313
6554
2781
9497
2909
6580
654
244
10496
3643
1165
6948
1824
8128
10925
4663
9266
1554
3581
3544
5965
6058
4053
7407
7780
4278
6978
1723
5107
18
7478
9152
2713
570
5425
3141
6180
6785
9290
8608
9689
5350
5533
8368
6365
3517
1997
1566
2921
10816
3385
9368
9236
11258
2270
11011
6772
5087
8460
1332
858
5388
674
10148
6364
361
5903
3460
10070
7750
7668
4890
9436
8414
954
2775
4279
11683
10995
3408
11665
6178
8258
286
1262
2285
1576
6845
10253
6351
1660
7135
3399
5810
7678
5593
10196
2121
3066
2239
3112
9057
4758
4195
9075
3104
10401
2863
6865
1032
6395
1160
10
4859
5436
11705
9546
2147
4989
7625
25
707
4325
6104
5442
11367
2591
10162
10220
1536
10423
3339
1733
456
7747
9096
2699
1569
2780
11075
11352
3147
11294
7153
6288
6275
1899
1047
1003
11117
1124
6322
10556
11681
7605
9483
9387
6899
11880
2903
9468
2873
918
10861
1475
79
6667
8652
11640
1773
6734
9148
7854
11132
2649
6420
5736
6644
5710
1743
8549
7351
218
11257
11008
1422
4673
7564
7043
7697
11711
4809
4679
9107
2501
1314
2493
7058
11225
6209
4311
567
5225
7328
11355
10609
5834
10113
7937
7851
6816
9775
5341
159
6551
2702
8974
3570
6807
11445
5665
11688
5959
7112
6516
11092
2078
6936
5273
6226
7126
927
7716
10967
1372
1837
6223
8516
9990
3845
5937
9246
1663
10246
6528
6454
10161
4169
7513
11104
8917
10383
8162
2800
11218
5626
11831
9864
3269
8981
2640
2970
3300
8449
7289
6030
2086
2205
8886
4250
2376
2070
504
2787
5957
8825
1799
10796
11629
11159
3499
9360
8895
20
8387
3077
4335
8397
8453
6417
11201
10395
9462
8802
4802
4569
5912
11232
1223
3415
1333
11652
11762
4326
2894
5246
8753
6625
9509
8830
8247
9921
4745
7348
10596
8702
11453
7881
11447
4801
9733
7483
8095
7016
10281
3020
8278
5819
7632
3225
2379
2870
9669
7847
5047
10331
9076
8276
10532
8581
9302
1745
11514
10864
6720
4348
9543
7773
8677
6257
1380
2162
2331
4109
3253
7237
4444
10104
7624
11822
5989
192
8980
2310
1123
5531
4665
30
2427
3971
2845
3868
4538
9480
11070
3449
6396
11333
11179
10449
288
9301
7035
11813
7158
10552
11045
11812
4974
5614
9770
7051
2786
5660
5373
5774
7873
7284
3719
11169
8576
1695
471
3680
9300
8517
9000
10034
11353
11080
5369
2418
9260
4056
1988
8663
7392
10959
4683
4561
11048
264
10577
8307
4559
1761
367
9352
11802
1867
1602
9707
6084
9786
8094
10420
4892
3736
4992
8281
5816
3168
7994
6429
4425
5241
2148
3518
11916
10351
10272
5557
1834
2138
10149
4392
7049
6940
9112
10337
7520
235
942
9525
7021
6479
8474
3116
8412
6977
6132
11277
276
7631
6344
1615
6904
9344
8343
217
6710
201
11595
6544
160
7646
6152
5074
2858
11285
6041
8121
7696
5102
9936
9981
4456
9016
1557
8636
1341
8324
9047
24
9635
11124
6628
8494
11055
3717
11579
1753
8633
10534
5941
973
10448
7708
8053
9623
6005
1533
166
11836
4653
2811
3464
7102
11933
3013
3240
9114
6879
8858
7635
1530
11480
3778
5157
9663
2839
2203
1605
5390
5732
5918
2303
8882
6115
7950
5926
11345
3983
3679
7682
11049
3684
10887
5186
3541
5485
7571
9229
7217
7157
10926
8284
5985
8809
5387
6086
6063
7333
8124
8922
6032
9627
1726
1811
6274
595
2593
6292
6964
7685
3438
5776
9674
4132
1879
9645
1371
544
3918
10916
4739
4978
3657
10892
5447
9823
7050
11771
11448
816
8246
5947
7985
6930
486
10234
6896
2544
9310
9983
5899
1571
11207
11439
7329
6075
7389
9034
1677
6608
3554
2986
2267
5527
10133
5303
2103
1361
3944
1062
11898
10843
8347
3205
353
6028
1306
4654
124
7192
1317
9837
11852
8201
11820
8673
1401
1855
3508
8477
7151
8140
11299
5920
9398
3780
1971
8648
10606
649
4151
6443
2429
733
4257
9081
6702
3592
467
728
8773
3787
4813
11275
11200
6377
10825
8836
1268
8473
10593
8125
10753
7308
2492
923
8899
10749
5963
1404
1770
750
7712
6908
3080
11236
8099
6969
7988
1355
7532
500
7580
2790
3631
8149
7132
2243
8765
10397
579
2240
2726
1287
4608
11041
11376
8518
2679
10985
7113
2665
9281
9002
3465
9798
2996
3764
9701
5952
4248
731
3911
7981
9493
10282
5466
10058
7064
4446
3176
1388
6378
2848
8400
6352
10506
10209
7241
4634
2880
4929
6389
10999
8136
8338
7694
1844
5729
2245
3299
1051
11881
6924
6125
3309
418
8339
3699
10744
7391
8762
7495
9729
3165
1323
11614
6976
443
2548
424
9431
9091
4197
7830
1668
7433
9719
3069
6761
5783
8912
11371
588
11427
10703
1269
1560
7030
1783
10138
10227
1960
5630
11563
5100
775
3859
11416
10545
10547
8200
3510
873
9337
7125
1337
4266
6918
7193
3815
2365
334
272
4707
6860
3477
8264
5861
10263
853
4575
1492
1046
8282
8624
716
3472
2949
6632
355
3468
9374
123
11174
9421
8010
706
4286
5461
2560
879
5068
11692
2705
8983
6085
6139
435
6468
5870
4798
2160
5367
1552
11576
2611
6658
11116
3231
11687
6501
1290
3167
8719
5553
7870
6960
1285
1181
6728
7081
7279
8345
7243
10072
642
10972
406
10597
1889
485
9584
155
6423
5006
3661
6276
7270
603
3189
1254
5954
974
7839
10073
11503
10501
4747
11882
37
6452
9545
10207
97
4595
6442
11787
1324
10923
11749
9459
8812
4529
9013
10890
4603
1822
3807
7242
2911
2536
1935
3979
11876
4051
6934
1812
8355
8503
5164
969
4415
978
9764
8188
1097
6128
4188
6612
8524
6742
1659
11334
3688
6610
5505
8262
9214
3534
1685
4658
5556
172
4209
5969
5582
4118
7027
7921
3613
2235
9133
10742
8425
9071
7746
6188
6083
10502
4154
1740
7910
1137
433
9817
8700
8533
11600
5928
4914
5916
2291
4668
8777
826
10836
3177
5191
8464
8642
7057
10258
4018
1942
5914
1200
4544
11628
6855
9920
4378
2320
10761
1194
624
11197
7199
3153
3247
5839
6366
1720
1088
1452
4424
10208
5678
7414
6265
8532
9474
1658
4139
11091
238
2223
11224
4363
4633
7136
4125
930
8877
5940
5254
11723
4904
10398
8994
5932
4029
7546
8856
6401
8791
2202
3886
7657
2027
4531
3474
4181
10241
6353
1024
222
11641
11657
11713
7989
3782
9056
3993
7997
9547
5342
533
6513
4458
3239
11311
743
9186
182
3195
340
9885
5452
5169
7486
5456
4660
9251
9046
10293
2397
6595
7003
1060
11062
8843
10775
6897
6144
9906
5760
3197
7206
10114
6183
3157
6160
11444
3666
5778
11291
8419
6972
9726
2373
8500
9626
6540
4215
7802
8066
4860
3159
6835
4724
9111
6775
3273
2003
10391
1894
10476
11306
3693
6858
675
10971
8290
4942
10325
6724
2766
7421
8889
7567
10798
4189
5621
1480
1391
3726
11406
3244
11274
7713
2918
9029
4366
8842
5207
1914
7377
6011
4102
1201
9130
8643
8318
9476
11115
9437
7335
1882
3215
3938
10858
9377
9426
11198
3852
360
8360
3181
3476
9632
11135
2613
11637
8468
3538
10088
10548
3599
1689
4893
2332
7956
3207
1706
6137
11047
8534
7028
6057
4341
4767
8100
5674
9202
1120
9913
9761
11465
10809
4100
1279
10587
1105
10880
422
2670
5008
118
2898
1666
6109
6464
202
6107
10800
917
304
5143
10781
2878
9305
2694
699
7104
7507
6329
8447
6198
7121
1939
10300
6000
3227
11246
2617
3002
7529
10390
6432
4479
2406
6877
833
6770
7271
8426
141
6187
5893
11624
4676
4810
9965
5641
7789
10757
8274
3856
1434
5094
6633
1831
3130
9703
7852
2482
2721
10478
3656
5787
5486
6334
3004
11581
2582
5463
7627
4888
7595
3032
10619
7438
7420
8823
488
5980
10873
8588
5050
6435
2315
1050
6933
1086
10372
6225
2806
10847
5525
10106
955
4816
10052
5469
2045
4153
10450
10228
11360
3369
9822
1819
26
6938
11401
2587
7197
527
3662
2542
6851
11251
5982
1340
10876
3144
1591
4882
7187
5741
5462
766
4220
656
9843
8903
4320
7082
845
1483
4396
2561
10500
1415
8906
11778
8913
798
9078
6046
8195
3747
6415
6637
1055
8205
1810
6890
10175
11216
11558
10413
5009
6739
11557
3488
8471
496
2980
1491
10410
10135
7424
2317
10727
7291
11502
1383
7521
10842
6359
4659
11810
6905
248
6959
2193
8505
7356
7042
1962
1428
6390
1766
10676
9171
11654
4219
4284
2149
6118
11130
5134
9346
7146
2871
1654
2437
10096
8599
4475
3573
6623
1459
2194
5554
9331
4230
6571
8132
9569
8662
10064
5317
8297
195
7805
11921
5654
2388
5429
5568
6066
11553
1848
525
976
9106
77
1927
2517
6927
11026
8566
9536
1587
597
8998
10451
7163
6799
3977
811
1119
72
5345
5449
2796
617
7185
5541
216
1103
1944
1877
1236
8800
7032
2125
6241
2620
8391
3552
11025
3783
10868
9967
8249
3093
10829
10591
7339
8325
268
4409
10913
3927
8655
6434
10540
3122
6557
11694
6013
9442
3801
8632
8874
9766
2189
10726
6510
6338
2206
8019
2060
4526
708
3981
2256
8197
9633
6126
6409
5404
2210
11717
2551
9430
6163
10948
9395
8443
9506
2773
4013
378
7176
7816
639
4510
9261
8602
6403
5679
3192
8478
2924
4708
9052
4081
11268
8141
11899
6253
6060
1721
3204
8545
7651
6317
8521
2385
1184
4496
4411
5613
3190
9900
5902
5158
8032
3950
319
5559
8687
11764
6591
7996
11914
4285
5173
8313
7181
4920
10529
9136
11919
8422
4699
8968
7358
11633
3094
5929
9049
5551
1259
10774
3671
6332
2436
10993
1559
2609
5944
1082
11350
2007
27
11111
8187
7170
4737
9349
11348
11079
7396
11754
2638
10968
7092
11234
9532
2896
4789
3203
569
10455
5232
6258
3703
7297
4687
161
9794
2354
6671
10414
9335
9058
6707
8202
9797
3569
10511
1102
10924
187
6765
1427
10065
7393
542
9325
1446
4436
11603
7557
210
8562
4071
7727
6208
4652
1440
8413
9938
6015
3707
3775
9617
805
5545
10731
255
8005
3380
163
2422
9200
841
11303
2290
1276
7629
10523
8923
4863
11344
441
8047
627
6626
5517
6552
4734
9304
11210
4872
8296
8674
11001
9529
1925
11176
10024
7560
9717
4935
4119
1754
1881
4430
3831
4524
3060
7272
11627
11123
7709
2357
3251
3214
2895
10763
7388
7240
2277
1213
10850
7387
11024
9581
9353
11883
3495
1598
4251
1858
9026
6524
1851
7219
5763
8510
4191
3808
7530
3169
568
5905
239
1234
9225
5374
817
9382
9385
9370
8302
494
8935
7191
2173
9369
4140
359
10769
4562
11382
4523
1497
5948
10875
10345
11894
73
11818
11377
736
10585
9223
10237
4765
9388
1084
11478
4344
7508
7205
4905
10512
1208
6651
8130
4712
7346
4323
5837
10852
9842
7679
1617
5645
4799
4214
3016
5829
5138
3641
6597
4960
8470
8430
914
10989
8664
4150
1295
7534
5997
9754
3085
3935
7900
2430
2778
5581
4307
2966
9695
5277
2826
4276
2294
4313
11101
11698
6045
580
9585
4362
6567
4101
7425
1346
797
1264
6210
8251
331
6451
4048
7212
6197
279
7819
5877
1501
3268
6299
6911
8727
6306
10278
420
9962
10882
5149
1099
5960
8736
437
11064
11608
4275
4604
5509
5622
5197
1859
5060
8352
5744
7692
10416
8498
2300
3691
295
6998
8497
7444
7250
8406
2201
1556
1768
6624
2251
1478
8208
1646
6676
657
9914
10835
4829
1350
3344
9576
1284
5634
5508
10109
4045
7340
3982
10918
8134
672
1022
7332
3820
7701
776
8289
2807
6027
6080
3507
8218
2516
9607
4406
4742
11549
9514
2236
8054
2217
8997
6179
1643
1054
664
4770
3857
4055
7934
4937
9425
6989
4814
2547
5266
3172
8359
11170
5476
9978
3442
3771
6602
6542
3867
1320
6562
7772
6901
872
2798
727
9064
3271
6541
1309
2438
3887
1352
2280
2987
10651
5880
3363
1972
9928
2653
599
1994
4353
3373
3297
8082
8824
1953
6489
9011
3817
2759
4258
3652
1532
7882
1094
11495
3759
3106
1542
1098
2215
1195
3922
7897
4983
7372
10045
8932
1128
5032
11826
9201
2115
9397
10222
7147
6105
5882
6155
6952
7718
10966
11093
7889
5325
3171
3109
8758
3811
7262
6061
908
8956
11516
10141
9422
9015
11630
9485
4041
7061
2485
11690
6578
11266
1656
3664
1715
2161
968
10607
138
697
9164
6280
4291
9086
11220
10102
11672
1873
8445
10655
11171
554
186
251
745
3479
8846
7294
11504
458
11245
678
1575
11071
4611
10841
11707
419
3410
5850
474
5576
5218
11148
2356
3266
5676
7278
5759
11556
5782
10812
4463
10083
8496
2360
9080
6480
3791
2163
7719
7062
5842
2631
7745
1791
9932
8459
10621
9105
2460
7832
6016
10765
2234
8527
10197
9280
6907
9146
6754
11693
10020
3761
5571
7245
7535
10714
1553
6588
10389
5803
10837
3376
5967
865
6133
11488
4895
2604
4324
6368
1466
76
9966
4969
1425
5012
2706
2467
4036
7741
949
8908
9174
5172
2052
3929
8285
9745
3333
10435
4581
6157
6515
4871
6719
7594
6123
5472
4487
8174
9435
11060
7957
1222
5625
10891
10393
870
9412
11832
9238
7337
247
2968
2145
7633
6145
8627
4483
7610
6854
10230
1592
3467
7018
6375
10589
162
4536
3017
4126
7860
2222
2295
5649
6570
2135
8185
9025
10014
10729
5771
10931
8462
11238
975
2685
10156
4031
4432
7476
3021
6300
326
1274
5922
8321
8402
6857
5428
9566
11418
7075
6266
1362
8254
11854
635
3900
11336
8955
8056
11283
2527
11773
11501
4035
11777
886
3557
9433
8647
7024
1759
5052
2554
11543
8819
4395
6774
3745
1396
3349
8085
32
5881
2330
6203
6995
10461
6892
10675
2504
2465
8678
10213
7880
6149
3409
3332
2744
7575
10668
8744
4229
2413
2140
9156
5031
185
8361
4572
9825
8670
3525
5363
2111
3056
10475
1369
7974
3670
9958
1982
1739
10436
6313
5431
11475
560
1734
4674
7084
8666
5598
2575
3398
8798
10238
5865
2765
9157
7807
9598
10878
1856
5894
11438
8115
8139
4268
4316
11696
5632
7119
6789
11507
11905
7686
254
7143
10785
3196
1665
5080
2671
8583
2747
7774
9739
4952
3809
1457
2861
8957
5917
11912
10473
7503
7626
6709
11554
3257
5629
5115
2707
7318
7249
1212
7156
11250
2976
3048
6374
11296
10867
895
5213
4571
9742
11471
8268
6796
67
1518
6481
7865
1077
11920
10290
2488
11559
4032
473
3576
8442
2505
4556
10176
8469
8186
4095
6094
4049
4680
9655
9350
5788
4381
10122
784
7797
8804
10192
1385
7792
6441
4818
2975
5702
6971
819
2445
8172
6418
7031
11189
7590
2541
8326
5951
876
5968
7824
5738
3716
6172
651
9465
3078
1171
5023
5529
3092
6527
9835
5473
6497
6764
11760
8525
8852
9899
6846
6705
6483
6792
8441
4398
10680
8752
8519
4512
10187
9682
5886
3603
6018
4097
5159
1294
5538
2730
4706
7984
10313
7993
11596
6937
10254
3441
5697
3250
2093
7547
1541
431
9220
4511
3164
11451
7179
11756
2109
85
4304
7467
11019
738
6470
7856
10152
9531
1377
7619
10484
6465
104
9441
7944
6874
3763
7013
3943
8589
7480
11256
3629
5495
5352
11006
5106
5484
9418
7752
11298
3542
9213
3812
8722
877
4280
4790
1283
9587
1089
9610
8542
2580
8157
5953
233
9905
4880
9601
9694
9169
2940
9561
4657
11356
4855
3912
6148
11090
555
6537
8986
7617
8628
1555
11399
11287
5730
10408
1017
11839
11332
2908
6680
2362
10105
3287
5900
9206
8167
11109
10826
7917
3744
1522
4906
10920
7130
6582
5515
4830
11785
11833
5574
10056
3593
7827
7572
11631
2269
3136
11539
2247
429
1
2038
265
616
4908
5939
9516
10531
5118
11096
7808
1376
8622
3346
2902
3221
7290
490
8107
5148
11089
3498
7323
1444
3910
10062
2017
1697
9161
2399
9291
10930
9451
11493
5716
136
720
3483
10092
3648
2116
8568
140
3145
4796
3451
6773
9216
3678
2016
6019
9524
2440
5480
1751
9912
11860
10958
10725
3734
2599
6354
1472
11273
5620
313
194
4044
8531
1303
7497
1164
5648
9224
3672
10117
4670
10563
6048
11728
4159
10128
1237
1275
6585
3692
7464
8440
7213
258
6526
348
7011
1836
8665
907
4576
323
3033
711
1131
1407
6848
7588
482
5901
10889
2944
9724
6732
6124
11546
9565
9338
9332
1875
545
1253
2843
1458
681
4474
2242
9549
11247
2524
3565
11841
7263
11702
337
6880
2782
830
3766
10017
5675
4001
8375
4228
2691
2584
9869
4359
590
7834
168
3658
5253
2910
7068
2887
4462
2935
9909
4807
1465
6029
4020
9850
2426
8044
5715
563
2994
9062
4757
2383
11381
3653
11150
3549
7399
8996
9974
6712
4949
1955
6801
11322
10996
9479
480
4977
7401
10317
3765
1368
5400
8475
1940
9819
9445
4419
2624
2835
11446
9969
4577
11742
7628
4565
5240
7891
10705
7611
6889
3252
1122
9554
184
9550
6563
1140
4951
11066
3623
1885
2988
11155
9336
5589
8030
4476
670
10204
3412
11329
8801
8117
5401
3706
11615
9945
7462
11312
5284
3430
5365
7758
640
8861
4024
6962
3396
356
6404
1464
9870
7430
4445
505
11270
3015
7952
4176
11750
2934
5385
3818
10477
8337
7334
5077
438
9931
3255
3521
4688
3687
10268
315
5623
7373
4008
7674
6290
9609
7796
2325
1682
2927
1526
11259
2464
11354
5206
5316
6444
3312
352
10047
3459
6098
8081
6425
5187
7230
9999
4270
2952
9379
6391
305
619
5588
6599
1185
3509
9109
4427
6161
1469
5323
1590
8609
3715
4998
111
6394
11103
8837
535
1651
842
5
9984
8575
2799
6931
3590
11864
7763
8934
1749
8333
1650
3068
3054
5681
8310
7935
5753
1674
9115
1625
8363
10737
2339
9517
9028
3095
2255
8041
7596
8312
7519
7833
6949
10396
5664
8006
10093
9142
4084
375
21
8101
2343
10838
3200
997
4196
3296
10308
10050
5855
10374
5805
1190
8699
6340
2647
2487
9722
317
1247
4283
1219
1389
995
5251
4247
7614
713
4760
1263
837
2961
7039
11783
3209
1106
11679
4066
3931
677
2179
8573
7961
6217
10533
10170
2104
8684
2221
10885
515
6211
5924
1020
801
7434
11335
9793
7942
3113
748
9469
9333
2558
49
1414
5827
6569
10341
2981
2710
4491
5124
8362
9849
7172
919
10264
2684
809
4956
3222
2363
11099
4173
23
4552
5150
387
8838
10198
10559
5853
6362
4901
4043
2050
7381
10642
4628
9749
8168
3362
11458
11592
10752
7022
10762
1642
8565
3175
4539
10567
6856
10679
10746
4438
4389
3089
514
1933
10947
3863
8872
11254
444
4062
3903
8219
1228
1145
2738
10116
7008
470
4965
6369
8885
8675
3822
2891
4702
1322
8960
6584
11867
7220
9323
6428
6169
1561
755
11063
3453
9001
2576
6589
10375
8925
10028
11738
9177
7400
15
4334
8061
6518
4854
4596
3149
11537
8111
2736
9705
10382
7733
10134
9732
7382
1509
10869
3934
5465
7210
5512
8595
9949
6262
2565
9424
5575
8283
7265
3304
2035
2039
5185
8551
7907
6167
6804
9094
5007
4623
4404
7440
11525
9065
1907
10741
354
1233
10969
2570
2645
6272
6783
2523
4639
951
5099
65
9883
5155
7991
6967
1231
11535
5310
6669
5646
8806
7040
1378
7518
8482
8530
5244
4254
8720
2259
6138
5021
3484
9652
11351
8224
10107
308
6447
11548
10123
5306
5440
3874
891
7509
11386
8152
10778
1387
3989
3757
7972
2127
10316
5372
3213
6422
4834
8596
4333
622
9019
2661
5570
2226
2682
8692
4165
11835
7129
10657
2000
3242
1827
3361
8146
9844
10386
225
9359
170
10716
10554
8415
8294
8936
1193
7188
7911
1904
2066
8910
1141
3870
10388
4503
11538
2801
8600
1676
2559
10433
4113
4299
1690
4300
398
2084
8377
1510
10080
6007
9868
2660
2479
6794
4120
8580
7034
6692
2793
789
10243
1798
6665
4388
7658
6244
8584
11391
6383
10324
5071
11872
2507
5332
7634
3275
1892
11457
6786
274
8232
5573
10669
4666
10696
10771
899
3487
7224
9861
11646
5565
1849
835
7088
8857
502
11192
8921
6285
5742
4156
6583
5222
3795
11735
11051
3945
2579
10136
893
3840
10616
3317
266
5139
2885
3833
634
2392
9887
922
11819
4447
7204
10521
213
68
9951
3923
290
709
2473
10193
5662
10773
4186
6842
6839
7054
2662
2174
1420
6670
2318
7770
3246
7584
1366
10772
5417
683
223
413
8718
7093
10157
3723
7100
9961
8993
1504
8504
5285
10164
7578
439
7183
1373
11393
3711
5946
6212
6841
5866
4954
98
11040
3988
10976
3959
5208
10895
4452
712
6545
9892
9008
5135
8990
6486
329
936
6568
5497
7395
8244
1784
3504
5564
4958
8560
11076
449
11389
3163
11851
10139
5907
2012
9176
1630
8113
5378
3497
8529
11343
1300
8977
6459
5555
6641
5224
7402
9592
11425
11585
1640
6181
3330
4343
11034
2673
4535
7788
11590
6303
1078
4527
3530
7912
11230
1438
11387
3973
143
1641
8096
8330
5010
3026
7855
6320
4883
11829
5064
2753
11105
1113
3925
2538
2258
3417
8069
7232
1267
2469
11269
11720
2384
9858
3966
5807
5430
10652
3884
5423
3713
7724
7616
2528
10112
10458
4779
11284
1494
944
1986
4241
8931
5221
1989
10881
929
3426
1143
8707
8409
5259
10776
3543
5878
11097
4719
8357
10412
10338
4744
1992
10190
10101
9512
6706
990
5507
818
2621
10068
3308
5450
8696
4295
4096
10720
577
11059
8334
9067
572
6517
5483
9084
11292
11666
2789
3294
2683
8875
1539
10965
5432
2535
6492
3490
8638
145
4122
7762
9714
7105
749
8354
6090
6825
9205
4360
6832
10941
9125
383
5017
8794
9415
7982
2836
11890
1593
7768
9326
7945
6891
10849
5406
4087
1506
9758
9110
9347
7749
8403
8064
4442
9616
2515
11655
6460
6496
5868
4585
1724
1155
8295
2546
4451
10215
324
4579
9242
11239
9882
4383
11395
4050
8849
11565
5475
2374
8270
8587
11562
7211
2165
9982
10121
8118
4502
5802
11146
10945
1179
2990
10191
8299
6696
3395
5516
4380
998
6261
9640
309
1730
2166
1009
405
6240
6193
11058
6695
2449
11662
2185
11510
2450
7144
4355
9762
1710
2847
132
1978
6281
6082
328
9821
8215
7549
1878
9129
6311
1192
10330
7302
4263
3854
10418
5897
1255
5103
2434
4091
10359
3492
9706
9697
7890
4269
4352
10131
11769
2191
10747
10728
11227
8382
6348
1386
7525
476
7939
1908
10013
952
10656
1990
6339
82
3732
5521
11782
4735
2703
715
3921
8926
4374
4317
4648
10909
1421
3751
5308
8080
744
4185
2297
11859
7931
7481
2319
1788
9648
2623
9953
6821
8480
7427
2302
6534
4226
2750
11767
6385
5705
1072
5580
625
9402
3434
6189
6543
4040
4909
427
10702
10797
8864
7695
4130
5849
3850
11429
3601
6204
6587
11670
6868
2144
11745
6400
2905
5734
884
2046
3754
6380
5913
8945
6861
8038
1860
4354
468
2928
3074
1044
3411
4386
11237
10269
8898
7059
9032
1696
3596
3064
8331
10807
857
10084
8870
1229
11328
4164
1074
1243
294
5503
10347
11800
11408
11801
1627
70
8259
10038
9409
2378
5055
9482
342
3303
3551
322
9372
7374
9767
1344
758
9692
2058
5144
7979
2057
10820
484
11398
7474
1693
774
5313
8548
7862
6579
4094
1620
5022
2296
8723
3264
7209
4459
4613
11223
3110
4322
197
10936
281
2031
11733
11435
7482
8434
4027
4490
2152
4525
380
5840
8241
9672
4158
3953
11751
10200
11114
10160
2592
4085
10558
5836
10291
2569
9886
4259
6870
1261
4106
7000
9567
4761
9809
6355
9192
2347
4606
11098
4844
11304
7398
5201
6033
2860
11786
11126
878
1115
5747
3050
7929
4832
6793
7504
7360
6248
477
11226
7431
831
5793
6535
7579
8142
8523
2520
6020
5539
1154
6100
7723
5198
11301
1959
10819
6536
4505
3282
2859
3987
2123
8151
11473
3011
2092
7364
4431
6751
1057
11476
2693
596
924
9991
5548
1738
4543
8844
1588
1191
1517
4485
10568
3340
7630
4580
1381
4146
10954
5338
11419
4772
5361
11357
11164
8271
5724
9596
3047
5002
10446
4375
2274
10856
1301
6305
6744
3170
5686
3523
8789
6008
10163
6136
9179
765
5809
1232
7330
6887
9243
5163
803
3179
4488
1847
10158
10470
10600
11191
11144
1814
2913
10289
9872
3298
7660
8757
9996
881
9175
5297
2082
8546
11054
1470
2286
5105
8147
11617
2522
11349
9834
6681
1623
10578
5988
10907
7405
3600
7702
11147
10984
8446
5838
6652
11825
694
9411
3262
7490
11850
10818
522
11404
11204
4124
1157
8450
1835
4175
4609
5444
8574
10786
4142
7559
8
2253
4545
1484
8014
1071
5933
4827
7491
7916
1699
636
11492
3954
1805
1030
5761
5453
4255
3188
2571
2064
11326
2929
372
3274
10326
4763
2606
5608
11913
9321
11580
3891
2827
10833
3371
7371
10942
1209
6146
4916
9320
10710
1493
5864
3040
11908
5405
1941
9574
9233
3946
2043
2293
10517
10665
5706
10006
3610
7455
1402
7108
3202
1008
2553
384
8358
6141
8954
6092
5981
5519
9815
7312
8189
8528
9190
739
10615
3604
7585
10322
7208
3980
11180
7046
4504
6330
6467
7545
8037
9306
3940
2265
11110
8114
2208
5786
7465
10525
10460
10754
3513
3849
11487
2529
11314
967
190
6547
10000
4090
5640
2159
9390
7394
492
11645
7510
4500
6224
11814
8369
5416
11721
2969
5547
11775
7074
8220
5175
3885
5114
1149
1431
687
7977
2727
11765
11649
5833
4953
3267
256
5276
6022
8982
252
6539
9083
4180
8873
2131
781
10694
11843
4537
9341
2398
721
9088
4460
7892
10229
3776
495
4993
1909
4391
9993
10897
2531
8902
11385
7523
221
7835
8571
7451
6215
10956
11663
8964
8122
2252
1308
4129
2866
5053
8300
6994
291
1808
10453
6685
824
9777
4672
10307
224
10601
8234
1111
7184
8353
9735
9386
9676
7226
10231
5964
7602
3237
1692
9308
3436
8366
10090
8329
2875
11544
8572
5140
10940
9277
10866
6862
4227
11703
2854
2712
8828
11205
11734
8792
4111
9852
9022
6361
229
10766
8431
8179
5375
4625
6129
9946
663
9673
3142
3105
4701
2355
9776
1040
3500
2439
6944
8650
1687
1551
9774
10370
5999
1896
1980
10983
5261
5896
5414
3727
11804
10146
3620
2387
503
2199
9989
5723
3957
10206
9030
933
5409
7282
9923
7006
158
1083
9747
11789
8389
2128
10371
655
7345
11156
11928
5518
11794
1481
992
8011
710
215
1013
10759
6713
2837
2959
1271
5909
10515
7361
9407
4039
5042
6629
7675
10614
9875
5748
10424
9725
9698
6038
10211
6847
10576
7498
11727
1215
9659
2164
8941
2995
5357
6433
2124
1025
6408
10522
10415
4781
6958
7641
127
4903
9187
3037
11128
10933
2537
6101
1932
3108
8336
6159
10987
10087
5264
11261
8586
4533
4728
5415
106
3014
613
638
2478
3091
11682
4664
107
3607
6903
2932
5255
11013
7964
8821
9723
7002
8709
1924
9889
5309
9226
7234
6309
8230
6318
4994
9079
8553
9271
3873
2555
2530
8644
3090
321
3470
9235
714
7378
10098
2879
10155
962
9009
1202
10151
2130
6347
10273
10260
415
11107
5971
971
7305
8867
5156
432
9234
4647
3234
7514
10659
3186
10961
7760
5334
8160
2725
11797
3327
11027
6831
7673
8399
6660
8863
3277
11673
7300
7276
6941
4078
376
8884
8577
1794
3390
7319
8350
5349
5494
54
2931
2595
6231
5070
5841
469
9050
11412
10029
5294
703
2405
5268
1716
10339
2065
10594
11229
3416
4704
10349
8784
2814
6798
5346
8763
890
6131
4194
7196
8407
2954
2904
2625
6996
9631
11653
6830
2659
5550
3400
7341
9854
9910
3698
4979
4750
5292
5439
4721
4170
1144
5513
11552
47
4766
11467
5830
7362
2963
6474
6872
5794
10915
4995
11499
6999
7468
1257
5722
5496
1069
1853
6921
8060
756
7607
4309
8749
2175
10990
6823
7836
7801
5093
3364
8308
1792
6096
10427
810
8509
3805
5421
2731
2419
346
7386
9358
9535
2828
2351
516
209
1714
5499
6556
5356
3256
4342
6293
6282
1485
4042
189
2581
10479
9688
10309
6727
6800
4014
4418
771
5667
4907
7200
9521
7101
788
6398
6440
1186
7255
8255
2299
6650
5872
9017
9491
8859
10902
8417
8351
618
4387
9782
1999
8020
5220
1717
3875
6639
3036
1977
11779
4917
6426
3
5820
2453
9855
10549
7703
7344
1400
94
4495
11316
6026
8594
4821
11031
1565
7965
548
6121
4371
8045
289
3354
3260
8920
61
11799
3743
3839
5066
4753
2248
1887
2868
5687
10172
10639
5196
9915
5389
9971
3992
8646
8734
850
11212
9014
7689
6711
6176
10736
2696
2947
10240
9562
11917
7359
3382
4602
7067
1442
6979
4318
9994
3587
8433
2282
6614
10711
5743
11528
7458
1085
1240
4052
1702
2132
7927
6502
6491
4656
1857
7269
9800
10120
6170
2681
3456
8144
2540
10130
3740
7818
4931
10459
4961
10357
8984
7456
10719
3226
3288
6737
3440
7107
3939
10518
3562
1669
2040
11039
9037
1963
4835
2382
4717
11461
7463
9457
8476
8901
8946
5707
7142
6243
112
507
10443
10042
1537
5305
4703
4222
6476
2884
6771
10465
4725
5824
8013
5302
3210
11347
4201
641
8404
9911
7138
673
1087
9413
1226
2306
3384
7647
5835
526
7171
9342
6259
8501
2009
10840
4004
5067
9472
10544
2722
5165
11358
4454
1544
9428
11452
4290
9239
2344
7949
3630
7169
7794
6873
6186
113
3057
11709
813
10464
9527
2271
10445
8927
1893
1525
3872
4033
735
6164
3730
3031
5572
5522
6267
3614
6151
10482
11599
10649
10733
3858
592
7735
11442
6673
6762
10100
9003
5758
6859
6289
4019
4884
630
9193
1911
1546
2037
10740
10299
9241
11067
6235
2336
4349
5327
7850
8703
10440
3137
1622
8631
906
1015
8320
5045
5784
11368
11069
9356
9721
3902
8995
8078
2079
10247
7326
5189
92
4817
10203
5978
9429
10934
4305
4806
7903
6795
11384
1252
4804
6251
6140
9812
5214
10323
8465
2151
5181
7672
2667
8025
2627
396
9753
10159
1248
95
3540
6714
148
5228
6808
6656
2688
551
2420
11650
3111
2020
7446
101
3529
6768
4310
10827
9113
10944
1779
4838
3749
9804
3784
7117
8890
9791
688
1126
9038
5095
11005
8376
3259
9339
4232
7066
3432
1167
10261
3547
5624
10946
10691
2518
9988
6414
2364
3084
11428
2312
4857
4083
10750
2552
491
4794
6079
10957
4815
5806
1370
11202
2872
9381
10212
6929
9063
4057
9120
3243
6325
9072
8661
10553
128
2803
5762
4839
5242
10650
9232
7823
8658
5844
1691
1662
7275
8645
10784
11795
2348
9153
10912
10537
7048
83
11364
1001
11809
9210
2889
3553
10026
4732
4774
4080
2668
2328
7812
575
7150
8860
2471
11884
4891
10697
11341
10932
9873
7145
8075
4099
10499
10713
8135
3115
6914
7963
1945
5054
3582
2005
9181
9666
351
6603
2513
7970
2371
11313
1238
6206
6449
9743
10378
7947
6034
9230
7738
4207
3737
4671
10362
11784
386
4777
4786
395
10066
8055
1503
55
8604
9604
4038
4514
892
2700
7115
5610
2978
5230
4605
9769
2672
7415
3667
10486
2220
1241
4093
6314
987
2004
3762
1454
4478
11838
1278
10539
5567
10986
6071
2097
6925
7089
6185
2049
2188
5295
489
7676
10846
2772
44
4208
2756
11865
11271
4540
4408
2655
8089
9131
9036
8481
5628
3742
9737
8950
11433
5141
11289
10536
9147
4795
8438
1762
6316
4294
8683
6256
11402
1432
3088
4405
9495
156
11517
412
5058
5612
11213
3285
10823
2178
814
2455
10016
5477
152
4203
7267
9838
3774
7968
10955
9857
1865
508
796
5599
11
11664
4471
9004
2283
11441
3075
10782
6357
7078
7971
9738
4981
9104
2549
4841
11426
7973
117
5719
3555
609
7060
7569
1996
4075
11410
7906
9481
4115
6237
1572
10991
11606
2586
1621
10302
3668
7526
1631
4874
7349
4332
6985
6017
5755
4528
523
1220
6012
913
1162
11133
6421
7725
10557
10808
6661
4542
4293
5126
9785
10417
7233
8120
8691
6065
1251
7044
8180
10804
4985
5076
3439
3572
7168
8378
7726
4274
2249
8439
4328
3638
8507
100
10277
10466
9354
6946
8616
1906
705
379
1363
3245
1473
5889
6581
5938
757
8690
6767
9556
8818
9184
3127
3829
5030
8682
8052
3926
9746
3180
9593
1826
10036
4643
1058
2033
8965
1842
10586
1954
451
760
549
1351
5057
8840
10361
10318
653
9454
5481
2266
1898
3418
9916
1731
2329
8332
2076
3655
10623
8772
8557
10288
11280
9051
3098
4938
4617
9816
1694
821
7729
601
5056
5520
11547
4088
6717
2767
8893
1358
6049
11675
9399
11506
11241
10333
3006
10399
7260
3952
6411
7354
7175
8275
5028
4493
763
2938
4972
10471
1707
2622
1235
332
3042
8015
6298
10297
10513
3121
6044
5482
1564
11361
1505
10516
11324
9410
8199
6741
7489
7026
9101
3819
1365
6715
6346
11120
3832
547
7445
40
5379
1399
6811
3462
5153
11140
959
9416
1648
10792
1177
7866
11286
8713
1804
3942
3132
10994
10498
3489
4249
5703
10233
10687
724
2755
8364
999
10896
4468
11235
4455
10035
2321
5500
2219
6328
4315
5956
410
10886
802
10119
8536
1534
10698
7975
7533
4782
3160
1558
3731
8072
4740
10082
7831
4930
1079
7766
2486
9250
9284
8298
10089
10527
9559
2198
2651
2414
8154
9438
10595
3586
11757
6755
7473
2350
807
611
737
6112
10604
119
8554
9343
9977
7502
4401
1519
3445
9537
8759
2377
11310
8182
2899
6590
6787
5072
7598
1789
2177
3125
3117
7484
4480
7443
2451
1891
3545
565
4881
1066
10640
5283
3785
5633
2607
409
3619
11534
8743
1793
753
10485
2053
1523
4990
3000
6593
6649
4155
8590
7926
3235
9163
10352
5312
9276
1987
5426
2368
6987
8620
8829
3365
10634
3686
6819
1910
10086
9759
5178
6748
9833
5884
2281
2395
6232
7537
5491
1594
3984
7717
8999
10051
8238
9720
7639
3799
10085
6254
7986
5299
8897
11658
5795
493
8807
3038
5458
1349
11420
2182
5370
5677
11072
11505
2974
600
10732
3220
867
6635
7239
10660
2273
1499
2955
1456
10779
1727
2443
6945
7764
5766
3834
1281
10181
7737
10574
7162
11878
1995
7254
10381
4896
5061
4982
362
10503
6777
777
11231
8288
9970
8540
5174
5347
11716
583
977
3813
9917
679
2813
11267
344
9778
8848
2723
786
9862
7459
10718
1347
5192
10572
8184
11134
8657
2341
10828
11469
6376
4578
6988
1188
8212
5129
4377
6427
984
5528
6834
5970
1752
1583
1374
7933
230
6758
4346
2776
9440
1958
3289
2656
4730
2456
298
8138
6726
10628
8748
81
262
5238
5212
6495
6035
8086
5098
11161
4350
3208
4092
7778
11744
8074
6072
10514
5975
6829
129
8929
10463
10409
2654
3503
2062
5366
8601
1597
7767
812
4987
7447
785
10320
10343
3904
11222
6980
4856
4403
3708
4192
2886
3035
10366
9575
2372
8272
855
4812
11380
9247
2183
2956
2867
5211
1052
9010
8680
4314
1118
10199
7581
5257
333
8001
546
7813
2958
8786
4492
11866
8222
3261
325
3968
9345
2433
10542
3486
7428
7736
2367
2006
2279
11847
10862
8764
3533
9944
2715
4441
191
6882
2644
11642
11879
5287
1578
8833
5324
2435
207
3602
7867
10422
2739
11686
1302
8561
2833
9
5033
50
11248
4423
9020
7742
5479
10490
1500
2
9255
7215
6286
10927
11791
11540
2459
644
3443
5585
1101
8427
6247
9061
206
5096
8370
7659
11569
10491
11623
1293
7800
7065
682
6134
9450
4116
6643
4501
11378
8119
7041
6047
8582
3514
11927
8778
6747
4321
2869
5635
8110
5966
11365
9867
4112
7720
10094
1979
10480
2686
3233
4943
5275
2176
8914
5822
11610
2137
883
4231
5832
11719
3357
2802
11158
10355
1189
8781
9404
4117
6074
5935
7253
2400
7599
3326
2573
4330
3156
11143
4011
11177
3624
9553
11000
629
6106
9687
3258
7322
7688
6135
10712
5549
1450
8710
4003
3429
8009
481
11806
7806
10910
11281
4662
799
1970
4162
9089
2307
1198
1829
8959
7365
8785
11902
11434
4842
4944
10154
6304
932
7612
6956
1395
8145
9880
6431
392
10244
3391
6077
5818
7309
7837
9023
5362
8277
6689
7296
2572
5263
11837
11397
2701
8112
2844
5910
3914
6982
10270
2677
8008
7586
4428
11474
5815
957
8721
7500
10666
2077
6622
3350
11396
3768
7983
11162
3306
671
345
9684
7527
6264
9636
7073
245
2068
8987
11184
10437
3270
4136
8579
8314
754
7222
2340
7251
6745
6647
6050
9618
2669
7898
3043
8740
5699
3154
695
8315
3571
11498
9526
8077
6677
2323
69
1327
9929
6268
10624
11208
10901
1897
2380
1313
2229
2211
534
300
963
6004
7416
8961
261
11626
3211
78
7887
9296
9040
2614
8973
903
3034
4586
8767
7744
11500
10298
5048
9647
7706
3424
1075
2263
310
10075
8731
2748
6738
9031
6968
2156
1312
3634
4508
8109
3446
8161
4152
4065
10421
7563
1524
7623
7283
4966
10699
6881
2338
1138
7896
4588
10279
6076
5694
2136
2345
4272
4553
3843
1158
7182
10439
1109
1574
4034
8379
3704
6453
4331
7953
7548
5873
3173
10644
9752
5740
11897
4567
7922
6196
3964
4783
8393
3379
11065
1070
408
2181
10543
10311
10617
4369
7316
4889
6222
6606
8563
10903
11021
6555
3161
5278
2391
10764
7858
8623
10373
9270
11840
11374
6336
9500
5721
4368
8193
726
1864
5282
4289
5977
4867
9475
7228
3622
7277
979
4592
465
7071
4678
9933
2428
3725
2051
693
4803
7654
6036
11183
2601
2375
6788
7025
10444
2120
9394
732
4805
